15:04:08, 22.1, 101162, 13.57935158490202
15:04:09, 22.1, 101164, 13.495988685593886
15:04:10, 22.1, 101164, 13.57935158490202
15:04:12, 22.1, 101163, 13.57935158490202
15:04:13, 22.1, 101164, 12.9958253011505
15:04:16, 22.1, 101164, 14.329647706076056
15:04:18, 22.1, 101165, 13.162543760535808
15:04:19, 22.1, 101154, 13.996176090346617
15:04:20, 22.1, 101152, 14.413017278355936
15:04:23, 22.1, 101167, 13.495988685593886
15:04:24, 22.1, 101162, 12.9958253011505
15:04:26, 22.1, 101164, 13.4126264535096
15:04:27, 22.1, 101160, 14.579758425010485
15:04:28, 22.1, 101164, 13.4126264535096
15:04:29, 22.1, 101167, 13.4126264535096
15:04:30, 22.1, 101168, 12.829109510409562
15:04:31, 22.1, 101167, 13.57935158490202
15:04:33, 22.1, 101169, 13.4126264535096
15:04:34, 22.1, 101164, 13.4126264535096
15:04:36, 22.1, 101160, 12.829109510409562
15:04:37, 22.1, 101167, 13.329264888649153
15:04:39, 22.1, 101168, 13.829444286346648
15:04:40, 22.1, 101163, 13.162543760535808
15:04:41, 22.1, 101164, 13.162543760535808
15:04:43, 22.1, 101167, 13.746079385268557
15:04:44, 22.1, 101162, 13.162543760535808
15:04:45, 22.1, 101156, 14.663129999414684
15:04:46, 22.1, 101162, 14.579758425010485
15:04:47, 22.1, 101160, 14.329647706076056
15:04:48, 22.1, 101162, 13.996176090346617
15:04:49, 22.1, 101164, 13.829444286346648
15:04:50, 22.1, 101167, 13.4126264535096
15:04:51, 22.1, 101162, 13.4126264535096
15:04:52, 22.1, 101162, 13.829444286346648
15:04:54, 22.1, 101165, 13.079184197258302
15:04:55, 22.1, 101160, 14.079542993293103
15:04:56, 22.1, 101153, 13.495988685593886
15:04:57, 22.1, 101170, 14.329647706076056
15:04:58, 22.1, 101170, 12.912467072207484
15:04:59, 22.1, 101163, 13.495988685593886
15:05:00, 22.1, 101167, 12.829109510409562
15:05:01, 22.1, 101159, 13.4126264535096
15:05:02, 22.1, 101171, 13.4126264535096
15:05:03, 22.1, 101147, 13.829444286346648
15:05:05, 22.1, 101165, 13.746079385268557
15:05:06, 22.1, 101163, 12.745752615746895
15:05:07, 22.1, 101170, 13.329264888649153
15:05:08, 22.1, 101171, 13.329264888649153
15:05:09, 22.1, 101167, 13.329264888649153
15:05:10, 22.1, 101153, 14.329647706076056
15:05:11, 22.1, 101162, 13.329264888649153
15:05:12, 22.1, 101164, 13.996176090346617
15:05:13, 22.1, 101171, 13.996176090346617
15:05:15, 22.1, 101160, 13.746079385268557
15:05:16, 22.1, 101162, 14.579758425010485
15:05:17, 22.1, 101157, 14.079542993293103
15:05:18, 22.1, 101162, 14.079542993293103
15:05:19, 22.1, 101167, 13.329264888649153
15:05:20, 22.1, 101167, 13.495988685593886
15:05:21, 22.1, 101167, 13.329264888649153
15:05:22, 22.1, 101163, 13.996176090346617
15:05:23, 22.1, 101164, 13.162543760535808
15:05:24, 22.1, 101168, 13.4126264535096
15:05:25, 22.1, 101160, 13.329264888649153
15:05:27, 22.1, 101159, 14.579758425010485
15:05:28, 22.1, 101167, 13.495988685593886
15:05:29, 22.1, 101165, 13.57935158490202
15:05:30, 22.1, 101165, 13.162543760535808
15:05:32, 22.1, 101165, 14.079542993293103
15:05:33, 22.1, 101160, 14.413017278355936
15:05:34, 22.1, 101160, 13.57935158490202
15:05:36, 22.1, 101163, 13.329264888649153
15:05:37, 22.1, 101167, 13.4126264535096
15:05:38, 22.1, 101165, 13.4126264535096
15:05:39, 22.1, 101159, 14.329647706076056
15:05:41, 22.1, 101163, 14.162910563556943
15:05:42, 22.1, 101168, 12.829109510409562
15:05:43, 22.1, 101167, 13.162543760535808
15:05:44, 22.1, 101164, 13.495988685593886
15:05:45, 22.1, 101168, 13.57935158490202
15:05:47, 22.1, 101165, 13.079184197258302
15:05:48, 22.1, 101162, 13.495988685593886
15:05:49, 22.1, 101157, 13.329264888649153
15:05:51, 22.1, 101157, 12.912467072207484
15:05:52, 22.1, 101162, 13.57935158490202
15:05:53, 22.1, 101162, 13.746079385268557
15:05:55, 22.1, 101153, 13.079184197258302
15:05:56, 22.1, 101160, 14.079542993293103
15:05:57, 22.1, 101158, 13.9128098546978
15:05:58, 22.1, 101160, 13.162543760535808
15:05:59, 22.1, 101163, 14.162910563556943
15:06:00, 22.1, 101162, 13.829444286346648
15:06:01, 22.1, 101170, 13.162543760535808
15:06:02, 22.1, 101167, 13.329264888649153
15:06:04, 22.1, 101167, 12.912467072207484
15:06:05, 22.1, 101167, 13.495988685593886
15:06:06, 22.1, 101163, 13.079184197258302
15:06:07, 22.1, 101165, 13.329264888649153
15:06:08, 22.1, 101160, 13.162543760535808
15:06:09, 22.1, 101167, 12.912467072207484
15:06:10, 22.1, 101160, 13.079184197258302
15:06:11, 22.1, 101165, 13.495988685593886
15:06:12, 22.1, 101162, 13.4126264535096
15:06:14, 22.1, 101171, 13.57935158490202
15:06:15, 22.1, 101163, 13.746079385268557
15:06:16, 22.1, 101165, 13.495988685593886
15:06:17, 22.1, 101165, 13.996176090346617
15:06:18, 22.1, 101175, 13.079184197258302
15:06:19, 22.1, 101164, 13.329264888649153
15:06:20, 22.1, 101168, 13.162543760535808
15:06:21, 22.1, 101165, 13.746079385268557
15:06:22, 22.1, 101173, 13.079184197258302
15:06:23, 22.1, 101165, 13.329264888649153
15:06:25, 22.1, 101160, 13.329264888649153
15:06:27, 22.1, 101150, 13.746079385268557
15:06:28, 22.1, 101165, 13.079184197258302
15:06:29, 22.1, 101165, 13.495988685593886
15:06:30, 22.1, 101170, 13.162543760535808
15:06:32, 22.1, 101171, 12.912467072207484
15:06:34, 22.1, 101171, 12.829109510409562
