15:01:10, 21.3, 101007, 26.258277974709085,  [59, 380, 983], [-4096, -4096, -4096]
15:01:12, 21.2, 101003, 27.760752629216505,  [64, 382, 991], [-4096, -4096, -4096]
15:01:13, 21.2, 101014, 26.258277974709085,  [64, 385, 990], [-4096, -4096, -4096]
15:01:14, 21.2, 101008, 26.4252088967303,  [64, 385, 984], [-4096, -4096, -4096]
15:01:15, 21.2, 101004, 27.343376810008778,  [64, 381, 977], [-4096, -4096, -4096]
15:01:16, 21.2, 101010, 26.258277974709085,  [64, 381, 996], [-4096, -4096, -4096]
15:01:18, 21.2, 101004, 27.510325129956907,  [57, 385, 984], [-4096, -4096, -4096]
15:01:19, 21.2, 101008, 26.007886609604626,  [55, 383, 984], [-4096, -4096, -4096]
15:01:20, 21.2, 101004, 26.007886609604626,  [60, 380, 991], [-4096, -4096, -4096]
15:01:22, 21.2, 101011, 27.092959349182834,  [63, 382, 993], [-4096, -4096, -4096]
15:01:23, 21.2, 101014, 25.590581048102912,  [51, 385, 997], [-4096, -4096, -4096]
15:01:24, 21.2, 101010, 26.007886609604626,  [63, 381, 995], [-4096, -4096, -4096]
15:01:25, 21.2, 101005, 26.675610297930643,  [60, 383, 990], [-4096, -4096, -4096]
15:01:26, 21.2, 101016, 27.510325129956907,  [58, 382, 986], [-4096, -4096, -4096]
15:01:27, 21.2, 100997, 27.343376810008778,  [49, 379, 993], [-4096, -4096, -4096]
15:01:30, 21.2, 101007, 26.508675361364766,  [63, 380, 985], [-4096, -4096, -4096]
15:01:31, 21.2, 101008, 27.092959349182834,  [60, 385, 991], [-4096, -4096, -4096]
15:01:32, 21.2, 100995, 27.092959349182834,  [64, 384, 990], [-4096, -4096, -4096]
15:01:33, 21.2, 101010, 26.508675361364766,  [70, 375, 983], [-4096, -4096, -4096]
15:01:35, 21.2, 101010, 26.4252088967303,  [62, 386, 991], [-4096, -4096, -4096]
15:01:36, 21.2, 101000, 26.508675361364766,  [61, 381, 984], [-4096, -4096, -4096]
15:01:37, 21.2, 101005, 26.007886609604626,  [64, 383, 982], [-4096, -4096, -4096]
15:01:38, 21.2, 101005, 26.508675361364766,  [59, 387, 989], [-4096, -4096, -4096]
15:01:39, 21.2, 101010, 26.75907876989158,  [58, 378, 986], [-4096, -4096, -4096]
15:01:40, 21.2, 101013, 26.508675361364766,  [59, 381, 994], [-4096, -4096, -4096]
15:01:41, 21.2, 101008, 26.508675361364766,  [79, 367, 975], [-4096, -4096, -4096]
15:01:42, 21.2, 101010, 26.508675361364766,  [67, 381, 1001], [-4096, -4096, -4096]
15:01:43, 21.2, 101008, 26.508675361364766,  [56, 386, 990], [-4096, -4096, -4096]
15:01:45, 21.2, 101011, 26.258277974709085,  [57, 383, 994], [-4096, -4096, -4096]
15:01:46, 21.2, 101007, 26.92601772122359,  [65, 389, 991], [-4096, -4096, -4096]
15:01:47, 21.2, 101008, 27.259903653867745,  [58, 379, 985], [-4096, -4096, -4096]
15:01:48, 21.2, 101016, 26.508675361364766,  [58, 384, 985], [-4096, -4096, -4096]
15:01:49, 21.2, 101011, 26.174813517292808,  [63, 384, 994], [-4096, -4096, -4096]
15:01:50, 21.2, 101013, 26.258277974709085,  [71, 388, 988], [-4096, -4096, -4096]
15:01:52, 21.2, 101010, 26.007886609604626,  [59, 383, 990], [-4096, -4096, -4096]
15:01:53, 21.2, 100998, 26.508675361364766,  [56, 380, 990], [-4096, -4096, -4096]
15:01:55, 21.2, 101016, 26.007886609604626,  [57, 381, 987], [-4096, -4096, -4096]
15:01:56, 21.2, 101013, 27.00948820061927,  [61, 380, 992], [-4096, -4096, -4096]
15:01:57, 21.2, 101010, 26.258277974709085,  [58, 374, 993], [-4096, -4096, -4096]
15:01:58, 21.2, 101008, 26.675610297930643,  [64, 385, 994], [-4096, -4096, -4096]
15:01:59, 21.2, 100997, 28.01118615197137,  [57, 384, 996], [-4096, -4096, -4096]
15:02:00, 21.2, 101007, 26.007886609604626,  [68, 381, 983], [-4096, -4096, -4096]
15:02:01, 21.2, 101001, 26.675610297930643,  [61, 388, 993], [-4096, -4096, -4096]
15:02:02, 21.2, 101013, 26.508675361364766,  [65, 385, 996], [-4096, -4096, -4096]
15:02:04, 21.2, 101007, 27.259903653867745,  [60, 380, 978], [-4096, -4096, -4096]
15:02:05, 21.2, 101011, 26.675610297930643,  [51, 365, 976], [-4096, -4096, -4096]
15:02:06, 21.2, 100997, 27.593800293788608,  [67, 380, 995], [-4096, -4096, -4096]
15:02:08, 21.2, 101011, 26.508675361364766,  [60, 380, 979], [-4096, -4096, -4096]
15:02:09, 21.2, 101000, 26.258277974709085,  [44, 379, 1001], [-4096, -4096, -4096]
15:02:10, 21.2, 101010, 27.510325129956907,  [61, 383, 998], [-4096, -4096, -4096]
15:02:11, 21.2, 101004, 26.75907876989158,  [62, 381, 990], [-4096, -4096, -4096]
15:02:12, 21.2, 101008, 26.92601772122359,  [60, 389, 978], [-4096, -4096, -4096]
15:02:13, 21.2, 101004, 26.92601772122359,  [60, 381, 996], [-4096, -4096, -4096]
15:02:14, 21.2, 101008, 26.4252088967303,  [65, 386, 996], [-4096, -4096, -4096]
15:02:15, 21.2, 101011, 26.007886609604626,  [64, 381, 993], [-4096, -4096, -4096]
15:02:16, 21.2, 101011, 26.4252088967303,  [62, 383, 991], [-4096, -4096, -4096]
15:02:17, 21.2, 101001, 26.75907876989158,  [57, 380, 989], [-4096, -4096, -4096]
15:02:19, 21.2, 101005, 26.258277974709085,  [62, 380, 983], [-4096, -4096, -4096]
15:02:20, 21.2, 101010, 26.508675361364766,  [64, 383, 993], [-4096, -4096, -4096]
15:02:21, 21.2, 101005, 26.174813517292808,  [59, 383, 981], [-4096, -4096, -4096]
15:02:22, 21.2, 101000, 27.510325129956907,  [59, 380, 977], [-4096, -4096, -4096]
15:02:25, 21.2, 101005, 25.92442415930319,  [65, 379, 986], [-4096, -4096, -4096]
15:02:26, 21.2, 100998, 27.510325129956907,  [62, 381, 993], [-4096, -4096, -4096]
15:02:27, 21.2, 101004, 26.75907876989158,  [67, 380, 986], [-4096, -4096, -4096]
15:02:28, 21.2, 101010, 26.4252088967303,  [54, 378, 992], [-4096, -4096, -4096]
15:02:29, 21.2, 100997, 26.4252088967303,  [67, 385, 987], [-4096, -4096, -4096]
15:02:30, 21.2, 101001, 27.00948820061927,  [64, 380, 990], [-4096, -4096, -4096]
15:02:31, 21.2, 101013, 27.00948820061927,  [56, 378, 982], [-4096, -4096, -4096]
15:02:32, 21.2, 101002, 27.00948820061927,  [59, 382, 987], [-4096, -4096, -4096]
15:02:33, 21.2, 101007, 26.675610297930643,  [70, 380, 974], [-4096, -4096, -4096]
15:02:34, 21.2, 100994, 27.092959349182834,  [64, 365, 985], [-4096, -4096, -4096]
15:02:36, 21.2, 101014, 26.174813517292808,  [58, 383, 993], [-4096, -4096, -4096]
15:02:37, 21.2, 101013, 27.84422980084223,  [66, 392, 972], [-4096, -4096, -4096]
15:02:38, 21.2, 100994, 27.00948820061927,  [67, 379, 992], [-4096, -4096, -4096]
15:02:39, 21.2, 101000, 26.508675361364766,  [66, 384, 988], [-4096, -4096, -4096]
15:02:40, 21.2, 101004, 26.007886609604626,  [58, 376, 984], [-4096, -4096, -4096]
15:02:41, 21.2, 101007, 26.675610297930643,  [58, 377, 989], [-4096, -4096, -4096]
15:02:42, 21.2, 100997, 28.01118615197137,  [55, 389, 997], [-4096, -4096, -4096]
15:02:45, 21.2, 101000, 27.593800293788608,  [65, 384, 986], [-4096, -4096, -4096]
15:02:46, 21.2, 101007, 26.75907876989158,  [58, 388, 997], [-4096, -4096, -4096]
15:02:47, 21.2, 101005, 26.4252088967303,  [60, 380, 997], [-4096, -4096, -4096]
15:02:48, 21.2, 100998, 27.343376810008778,  [56, 378, 991], [-4096, -4096, -4096]
15:02:50, 21.2, 101010, 26.92601772122359,  [67, 380, 990], [-4096, -4096, -4096]
15:02:51, 21.2, 101007, 26.508675361364766,  [67, 377, 979], [-4096, -4096, -4096]
15:02:52, 21.2, 101008, 27.259903653867745,  [63, 382, 985], [-4096, -4096, -4096]
15:02:58, 21.2, 101005, 26.174813517292808,  [39, 391, 1015], [-4096, -4096, -4096]
15:03:00, 21.2, 101010, 26.508675361364766,  [60, 380, 989], [-4096, -4096, -4096]
15:03:04, 21.2, 101005, 26.007886609604626,  [53, 422, 966], [-4096, -4096, -4096]
15:03:07, 21.2, 100995, 27.092959349182834,  [63, 380, 995], [-4096, -4096, -4096]
15:03:08, 21.2, 101016, 26.75907876989158,  [59, 373, 1002], [-4096, -4096, -4096]
15:03:10, 21.2, 101014, 26.007886609604626,  [61, 375, 982], [-4096, -4096, -4096]
15:03:11, 21.2, 101000, 26.675610297930643,  [54, 387, 983], [-4096, -4096, -4096]
15:03:12, 21.2, 101011, 26.258277974709085,  [66, 382, 983], [-4096, -4096, -4096]
15:03:13, 21.3, 101013, 26.007886609604626,  [67, 377, 991], [-4096, -4096, -4096]
15:03:14, 21.2, 101013, 26.174813517292808,  [62, 383, 994], [-4096, -4096, -4096]
15:03:17, 21.2, 101008, 26.258277974709085,  [49, 380, 992], [-4096, -4096, -4096]
15:03:18, 21.2, 101008, 26.84254791098595,  [61, 381, 987], [-4096, -4096, -4096]
15:03:19, 21.2, 101005, 26.508675361364766,  [63, 381, 988], [-4096, -4096, -4096]
15:03:22, 21.2, 101011, 27.343376810008778,  [60, 381, 988], [-4096, -4096, -4096]
15:03:23, 21.2, 101004, 28.178145180352786,  [60, 375, 1001], [-4096, -4096, -4096]
15:03:24, 21.2, 101000, 27.00948820061927,  [55, 391, 994], [-4096, -4096, -4096]
15:03:26, 21.2, 101003, 27.092959349182834,  [74, 367, 986], [-4096, -4096, -4096]
15:03:27, 21.2, 101000, 26.007886609604626,  [76, 383, 990], [-4096, -4096, -4096]
15:03:28, 21.2, 101008, 26.174813517292808,  [57, 382, 999], [-4096, -4096, -4096]
15:03:30, 21.2, 101008, 25.92442415930319,  [61, 384, 988], [-4096, -4096, -4096]
15:03:32, 21.2, 101007, 25.92442415930319,  [61, 383, 987], [-4096, -4096, -4096]
15:03:34, 21.2, 101013, 26.675610297930643,  [57, 390, 995], [-4096, -4096, -4096]
15:03:36, 21.2, 101004, 27.00948820061927,  [61, 388, 984], [-4096, -4096, -4096]
15:03:37, 21.2, 100992, 27.760752629216505,  [73, 372, 990], [-4096, -4096, -4096]
15:03:38, 21.2, 101008, 27.593800293788608,  [77, 386, 976], [-4096, -4096, -4096]
15:03:41, 21.2, 100995, 28.01118615197137,  [60, 382, 990], [-4096, -4096, -4096]
15:03:42, 21.2, 101002, 26.4252088967303,  [61, 377, 988], [-4096, -4096, -4096]
15:03:43, 21.2, 101004, 27.343376810008778,  [62, 388, 989], [-4096, -4096, -4096]
15:03:44, 21.2, 101010, 25.757501265726564,  [61, 382, 995], [-4096, -4096, -4096]
15:03:45, 21.2, 101000, 26.258277974709085,  [63, 381, 989], [-4096, -4096, -4096]
15:03:47, 21.2, 101002, 26.007886609604626,  [65, 378, 985], [-4096, -4096, -4096]
15:03:48, 21.2, 101008, 26.174813517292808,  [57, 381, 998], [-4096, -4096, -4096]
15:03:49, 21.2, 101010, 26.508675361364766,  [58, 377, 990], [-4096, -4096, -4096]
15:03:50, 21.2, 100995, 27.092959349182834,  [58, 376, 988], [-4096, -4096, -4096]
15:03:51, 21.2, 101001, 26.75907876989158,  [66, 380, 987], [-4096, -4096, -4096]
15:03:52, 21.2, 101008, 26.508675361364766,  [56, 389, 1001], [-4096, -4096, -4096]
15:03:53, 21.2, 101005, 26.007886609604626,  [74, 383, 984], [-4096, -4096, -4096]
15:03:54, 21.2, 101005, 26.92601772122359,  [60, 385, 998], [-4096, -4096, -4096]
15:03:55, 21.2, 101004, 26.258277974709085,  [66, 379, 984], [-4096, -4096, -4096]
15:03:56, 21.2, 100998, 27.510325129956907,  [65, 379, 991], [-4096, -4096, -4096]
15:03:58, 21.2, 101007, 28.01118615197137,  [61, 381, 989], [-4096, -4096, -4096]
15:03:59, 21.2, 101010, 26.675610297930643,  [60, 381, 980], [-4096, -4096, -4096]
15:04:00, 21.2, 101008, 27.092959349182834,  [55, 379, 982], [-4096, -4096, -4096]
15:04:01, 21.2, 101007, 26.675610297930643,  [64, 380, 990], [-4096, -4096, -4096]
15:04:02, 21.2, 101008, 26.75907876989158,  [66, 395, 971], [-4096, -4096, -4096]
15:04:03, 21.2, 101010, 26.4252088967303,  [58, 404, 993], [-4096, -4096, -4096]
15:04:04, 21.2, 100994, 26.675610297930643,  [67, 384, 986], [-4096, -4096, -4096]
15:04:06, 21.2, 101001, 26.174813517292808,  [62, 385, 1001], [-4096, -4096, -4096]
15:04:07, 21.2, 101008, 26.508675361364766,  [60, 381, 982], [-4096, -4096, -4096]
15:04:08, 21.2, 101004, 26.4252088967303,  [50, 382, 989], [-4096, -4096, -4096]
15:04:09, 21.2, 101008, 26.174813517292808,  [60, 374, 982], [-4096, -4096, -4096]
15:04:10, 21.2, 101011, 25.674040822426768,  [61, 376, 994], [-4096, -4096, -4096]
15:04:11, 21.2, 101008, 27.092959349182834,  [67, 389, 986], [-4096, -4096, -4096]
15:04:12, 21.2, 100995, 27.593800293788608,  [54, 377, 991], [-4096, -4096, -4096]
15:04:14, 21.2, 101010, 26.75907876989158,  [59, 382, 999], [-4096, -4096, -4096]
15:04:15, 21.2, 101005, 26.675610297930643,  [69, 386, 990], [-4096, -4096, -4096]
15:04:16, 21.2, 101008, 27.510325129956907,  [60, 381, 986], [-4096, -4096, -4096]
15:04:17, 21.2, 101013, 26.75907876989158,  [50, 383, 986], [-4096, -4096, -4096]
15:04:18, 21.2, 101008, 26.75907876989158,  [63, 385, 990], [-4096, -4096, -4096]
15:04:19, 21.2, 101007, 27.259903653867745,  [63, 376, 989], [-4096, -4096, -4096]
15:04:20, 21.2, 101011, 26.174813517292808,  [58, 384, 997], [-4096, -4096, -4096]
15:04:21, 21.2, 101010, 26.508675361364766,  [57, 385, 999], [-4096, -4096, -4096]
15:04:22, 21.2, 101008, 26.508675361364766,  [63, 380, 993], [-4096, -4096, -4096]
15:04:23, 21.2, 101008, 26.675610297930643,  [64, 374, 987], [-4096, -4096, -4096]
15:04:25, 21.2, 101011, 26.174813517292808,  [55, 386, 994], [-4096, -4096, -4096]
15:04:26, 21.2, 101013, 26.258277974709085,  [65, 382, 983], [-4096, -4096, -4096]
15:04:27, 21.2, 101008, 26.675610297930643,  [53, 392, 985], [-4096, -4096, -4096]
15:04:28, 21.2, 100997, 27.259903653867745,  [41, 393, 1003], [-4096, -4096, -4096]
15:04:29, 21.2, 101008, 27.259903653867745,  [91, 363, 968], [-4096, -4096, -4096]
15:04:31, 21.2, 101004, 26.675610297930643,  [62, 387, 1002], [-4096, -4096, -4096]
15:04:32, 21.2, 101005, 26.675610297930643,  [68, 375, 980], [-4096, -4096, -4096]
15:04:33, 21.2, 101010, 26.508675361364766,  [53, 381, 987], [-4096, -4096, -4096]
15:04:34, 21.2, 101011, 27.343376810008778,  [59, 382, 991], [-4096, -4096, -4096]
15:04:35, 21.2, 101010, 27.00948820061927,  [67, 386, 992], [-4096, -4096, -4096]
15:04:36, 21.2, 101013, 26.4252088967303,  [90, 363, 969], [-4096, -4096, -4096]
15:04:37, 21.2, 101008, 26.75907876989158,  [46, 372, 1009], [-4096, -4096, -4096]
15:04:38, 21.2, 101004, 26.75907876989158,  [71, 375, 993], [-4096, -4096, -4096]
15:04:39, 21.2, 101010, 27.259903653867745,  [59, 383, 999], [-4096, -4096, -4096]
15:04:40, 21.2, 100992, 27.259903653867745,  [62, 383, 986], [-4096, -4096, -4096]
15:04:42, 21.2, 101005, 26.75907876989158,  [58, 379, 987], [-4096, -4096, -4096]
15:04:43, 21.2, 101002, 27.343376810008778,  [65, 384, 994], [-4096, -4096, -4096]
15:04:44, 21.2, 100998, 27.259903653867745,  [63, 381, 1002], [-4096, -4096, -4096]
15:04:45, 21.2, 101008, 26.675610297930643,  [59, 379, 986], [-4096, -4096, -4096]
15:04:46, 21.2, 100992, 27.343376810008778,  [64, 378, 989], [-4096, -4096, -4096]
15:04:47, 21.2, 101013, 27.00948820061927,  [63, 380, 988], [-4096, -4096, -4096]
15:04:48, 21.2, 101001, 26.4252088967303,  [55, 380, 986], [-4096, -4096, -4096]
15:04:49, 21.2, 101005, 26.508675361364766,  [62, 384, 988], [-4096, -4096, -4096]
15:04:50, 21.2, 101011, 26.84254791098595,  [68, 379, 991], [-4096, -4096, -4096]
15:04:51, 21.2, 101010, 27.092959349182834,  [62, 385, 995], [-4096, -4096, -4096]
15:04:53, 21.2, 101011, 26.75907876989158,  [63, 381, 986], [-4096, -4096, -4096]
15:04:54, 21.2, 101007, 26.4252088967303,  [63, 382, 990], [-4096, -4096, -4096]
15:04:55, 21.2, 101000, 27.092959349182834,  [63, 380, 992], [-4096, -4096, -4096]
15:04:56, 21.2, 101008, 27.092959349182834,  [84, 377, 960], [-4096, -4096, -4096]
15:04:57, 21.2, 101011, 26.75907876989158,  [54, 382, 990], [-4096, -4096, -4096]
15:04:58, 21.2, 101001, 27.259903653867745,  [67, 381, 986], [-4096, -4096, -4096]
15:04:59, 21.2, 101005, 27.00948820061927,  [66, 380, 995], [-4096, -4096, -4096]
15:05:00, 21.2, 101008, 26.84254791098595,  [70, 386, 982], [-4096, -4096, -4096]
15:05:01, 21.2, 101005, 26.675610297930643,  [64, 385, 981], [-4096, -4096, -4096]
15:05:02, 21.2, 101005, 25.757501265726564,  [55, 380, 993], [-4096, -4096, -4096]
15:05:03, 21.2, 101003, 26.75907876989158,  [66, 382, 985], [-4096, -4096, -4096]
15:05:05, 21.2, 101000, 27.343376810008778,  [63, 385, 985], [-4096, -4096, -4096]
15:05:06, 21.2, 101008, 26.4252088967303,  [58, 385, 992], [-4096, -4096, -4096]
15:05:08, 21.2, 101001, 26.007886609604626,  [57, 363, 988], [-4096, -4096, -4096]
15:05:13, 21.3, 101001, 27.092959349182834,  [58, 383, 975], [-4096, -4096, -4096]
15:05:18, 21.3, 101010, 25.92442415930319,  [63, 378, 992], [-4096, -4096, -4096]
15:05:19, 21.3, 101000, 27.00948820061927,  [58, 384, 993], [-4096, -4096, -4096]
15:05:20, 21.3, 101007, 26.675610297930643,  [57, 382, 982], [-4096, -4096, -4096]
15:05:21, 21.3, 101016, 26.258277974709085,  [59, 389, 994], [-4096, -4096, -4096]
15:05:22, 21.3, 101008, 26.007886609604626,  [72, 380, 990], [-4096, -4096, -4096]
15:05:24, 21.3, 101011, 27.343376810008778,  [59, 378, 1005], [-4096, -4096, -4096]
15:05:25, 21.3, 101008, 26.75907876989158,  [54, 381, 995], [-4096, -4096, -4096]
15:05:26, 21.2, 100995, 27.259903653867745,  [60, 386, 991], [-4096, -4096, -4096]
15:05:27, 21.2, 100995, 27.092959349182834,  [64, 379, 993], [-4096, -4096, -4096]
15:05:29, 21.3, 101011, 25.92442415930319,  [54, 381, 987], [-4096, -4096, -4096]
15:05:30, 21.3, 101010, 26.258277974709085,  [66, 391, 980], [-4096, -4096, -4096]
15:05:31, 21.3, 101001, 26.4252088967303,  [62, 373, 995], [-4096, -4096, -4096]
15:05:32, 21.3, 101008, 26.258277974709085,  [60, 384, 995], [-4096, -4096, -4096]
15:05:33, 21.3, 101010, 26.4252088967303,  [66, 380, 984], [-4096, -4096, -4096]
15:05:34, 21.3, 101004, 27.84422980084223,  [56, 388, 994], [-4096, -4096, -4096]
15:05:35, 21.3, 101004, 26.007886609604626,  [57, 379, 988], [-4096, -4096, -4096]
15:05:36, 21.3, 101019, 26.4252088967303,  [58, 373, 971], [-4096, -4096, -4096]
15:05:37, 21.2, 101001, 27.00948820061927,  [59, 381, 982], [-4096, -4096, -4096]
15:05:38, 21.3, 101007, 27.092959349182834,  [63, 394, 988], [-4096, -4096, -4096]
15:05:40, 21.3, 101004, 26.258277974709085,  [68, 386, 989], [-4096, -4096, -4096]
15:05:41, 21.3, 100998, 26.258277974709085,  [62, 386, 988], [-4096, -4096, -4096]
15:05:42, 21.2, 101013, 26.174813517292808,  [64, 380, 982], [-4096, -4096, -4096]
15:05:43, 21.3, 101003, 26.174813517292808,  [62, 386, 980], [-4096, -4096, -4096]
15:05:44, 21.3, 101007, 26.007886609604626,  [65, 382, 990], [-4096, -4096, -4096]
15:05:45, 21.3, 101011, 27.00948820061927,  [59, 376, 983], [-4096, -4096, -4096]
15:05:46, 21.3, 101007, 25.757501265726564,  [59, 381, 985], [-4096, -4096, -4096]
15:05:47, 21.3, 100997, 27.092959349182834,  [64, 383, 986], [-4096, -4096, -4096]
15:05:49, 21.2, 101001, 26.75907876989158,  [66, 379, 994], [-4096, -4096, -4096]
15:05:50, 21.3, 101013, 26.007886609604626,  [60, 377, 990], [-4096, -4096, -4096]
15:05:51, 21.3, 101010, 25.674040822426768,  [62, 379, 987], [-4096, -4096, -4096]
15:05:54, 21.3, 101004, 26.258277974709085,  [38, 387, 998], [-4096, -4096, -4096]
15:05:55, 21.2, 100992, 27.510325129956907,  [64, 382, 987], [-4096, -4096, -4096]
15:05:56, 21.3, 101013, 26.675610297930643,  [69, 382, 993], [-4096, -4096, -4096]
15:05:57, 21.2, 101014, 25.757501265726564,  [65, 376, 990], [-4096, -4096, -4096]
15:06:02, 21.2, 101010, 26.4252088967303,  [62, 382, 989], [-4096, -4096, -4096]
15:06:03, 21.3, 100987, 27.593800293788608,  [59, 376, 991], [-4096, -4096, -4096]
15:06:05, 21.2, 101005, 26.675610297930643,  [102, 354, 941], [-4096, -4096, -4096]
15:06:07, 21.2, 101000, 26.84254791098595,  [79, 372, 969], [-4096, -4096, -4096]
15:06:10, 21.2, 101003, 26.84254791098595,  [76, 371, 976], [-4096, -4096, -4096]
15:06:11, 21.2, 101008, 26.508675361364766,  [54, 382, 986], [-4096, -4096, -4096]
15:06:12, 21.2, 101007, 27.84422980084223,  [59, 385, 993], [-4096, -4096, -4096]
15:06:14, 21.2, 101008, 26.4252088967303,  [63, 377, 992], [-4096, -4096, -4096]
15:06:15, 21.2, 101003, 27.00948820061927,  [59, 378, 996], [-4096, -4096, -4096]
15:06:19, 21.2, 100997, 27.259903653867745,  [66, 380, 999], [-4096, -4096, -4096]
15:06:22, 21.2, 101010, 26.675610297930643,  [61, 380, 990], [-4096, -4096, -4096]
15:06:23, 21.2, 100998, 26.75907876989158,  [62, 375, 992], [-4096, -4096, -4096]
15:06:24, 21.2, 101007, 26.4252088967303,  [63, 383, 986], [-4096, -4096, -4096]
15:06:25, 21.2, 101002, 26.4252088967303,  [56, 385, 979], [-4096, -4096, -4096]
15:06:26, 21.2, 101003, 26.4252088967303,  [59, 375, 982], [-4096, -4096, -4096]
15:06:27, 21.2, 101000, 26.92601772122359,  [64, 378, 990], [-4096, -4096, -4096]
15:06:28, 21.2, 101011, 26.4252088967303,  [56, 387, 1008], [-4096, -4096, -4096]
15:06:30, 21.2, 100995, 26.75907876989158,  [67, 378, 986], [-4096, -4096, -4096]
15:06:34, 21.2, 100998, 26.75907876989158,  [65, 384, 1001], [-4096, -4096, -4096]
15:06:35, 21.2, 101001, 26.75907876989158,  [63, 376, 995], [-4096, -4096, -4096]
15:06:37, 21.2, 101004, 26.675610297930643,  [58, 384, 984], [-4096, -4096, -4096]
15:06:39, 21.2, 100995, 27.343376810008778,  [62, 378, 993], [-4096, -4096, -4096]
15:06:42, 21.2, 101001, 27.092959349182834,  [56, 388, 984], [-4096, -4096, -4096]
15:06:43, 21.2, 101007, 26.007886609604626,  [52, 373, 997], [-4096, -4096, -4096]
15:06:44, 21.2, 101007, 26.92601772122359,  [66, 377, 975], [-4096, -4096, -4096]
15:06:45, 21.2, 101005, 27.510325129956907,  [56, 382, 1001], [-4096, -4096, -4096]
15:06:46, 21.2, 100989, 27.84422980084223,  [64, 381, 992], [-4096, -4096, -4096]
15:06:47, 21.2, 101011, 26.007886609604626,  [57, 386, 991], [-4096, -4096, -4096]
15:06:48, 21.2, 101005, 26.675610297930643,  [63, 383, 994], [-4096, -4096, -4096]
15:06:50, 21.2, 101005, 27.00948820061927,  [65, 382, 997], [-4096, -4096, -4096]
15:06:51, 21.2, 101004, 27.00948820061927,  [56, 384, 992], [-4096, -4096, -4096]
15:06:52, 21.2, 101008, 26.258277974709085,  [56, 378, 986], [-4096, -4096, -4096]
15:06:53, 21.2, 100989, 27.343376810008778,  [65, 381, 986], [-4096, -4096, -4096]
15:06:54, 21.2, 101008, 27.259903653867745,  [68, 383, 993], [-4096, -4096, -4096]
15:06:55, 21.2, 101013, 26.508675361364766,  [59, 384, 991], [-4096, -4096, -4096]
15:06:57, 21.2, 101010, 26.174813517292808,  [64, 385, 992], [-4096, -4096, -4096]
15:06:58, 21.2, 101004, 26.4252088967303,  [73, 385, 995], [-4096, -4096, -4096]
15:06:59, 21.2, 101010, 27.343376810008778,  [47, 380, 990], [-4096, -4096, -4096]
15:07:00, 21.2, 101008, 26.4252088967303,  [58, 381, 985], [-4096, -4096, -4096]
15:07:01, 21.2, 101005, 26.4252088967303,  [85, 375, 975], [-4096, -4096, -4096]
15:07:02, 21.2, 101010, 26.92601772122359,  [47, 383, 1000], [-4096, -4096, -4096]
15:07:04, 21.2, 100992, 27.092959349182834,  [70, 377, 987], [-4096, -4096, -4096]
15:07:05, 21.2, 101011, 27.092959349182834,  [63, 378, 989], [-4096, -4096, -4096]
15:07:06, 21.2, 101011, 26.258277974709085,  [63, 381, 991], [-4096, -4096, -4096]
15:07:07, 21.2, 100988, 27.593800293788608,  [58, 363, 985], [-4096, -4096, -4096]
15:07:09, 21.2, 101002, 26.174813517292808,  [65, 377, 984], [-4096, -4096, -4096]
15:07:10, 21.2, 101014, 26.258277974709085,  [66, 375, 993], [-4096, -4096, -4096]
15:07:11, 21.2, 101010, 26.007886609604626,  [53, 385, 995], [-4096, -4096, -4096]
15:07:12, 21.2, 101007, 27.259903653867745,  [61, 377, 991], [-4096, -4096, -4096]
15:07:13, 21.2, 100997, 27.259903653867745,  [59, 380, 1001], [-4096, -4096, -4096]
15:07:14, 21.2, 101011, 26.675610297930643,  [57, 383, 993], [-4096, -4096, -4096]
15:07:15, 21.2, 101001, 26.675610297930643,  [60, 384, 983], [-4096, -4096, -4096]
15:07:17, 21.2, 101010, 27.00948820061927,  [54, 382, 989], [-4096, -4096, -4096]
15:07:19, 21.2, 101010, 28.01118615197137,  [54, 380, 994], [-4096, -4096, -4096]
15:07:20, 21.2, 101010, 26.174813517292808,  [61, 384, 988], [-4096, -4096, -4096]
15:07:21, 21.2, 101000, 27.259903653867745,  [61, 383, 997], [-4096, -4096, -4096]
15:07:22, 21.2, 101005, 25.92442415930319,  [66, 382, 992], [-4096, -4096, -4096]
15:07:23, 21.2, 101005, 26.675610297930643,  [55, 379, 984], [-4096, -4096, -4096]
15:07:24, 21.2, 101007, 26.75907876989158,  [59, 381, 989], [-4096, -4096, -4096]
15:07:25, 21.2, 101005, 25.674040822426768,  [57, 384, 992], [-4096, -4096, -4096]
15:07:26, 21.2, 101011, 26.258277974709085,  [65, 384, 989], [-4096, -4096, -4096]
15:07:28, 21.2, 101008, 27.00948820061927,  [65, 377, 984], [-4096, -4096, -4096]
15:07:29, 21.2, 101020, 26.508675361364766,  [62, 382, 995], [-4096, -4096, -4096]
15:07:30, 21.2, 101000, 27.760752629216505,  [65, 381, 997], [-4096, -4096, -4096]
15:07:31, 21.2, 101011, 26.258277974709085,  [65, 383, 986], [-4096, -4096, -4096]
15:07:32, 21.2, 101004, 26.174813517292808,  [55, 378, 977], [-4096, -4096, -4096]
15:07:33, 21.2, 101008, 26.258277974709085,  [59, 382, 989], [-4096, -4096, -4096]
15:07:34, 21.2, 101002, 26.007886609604626,  [61, 383, 994], [-4096, -4096, -4096]
15:07:35, 21.2, 101008, 26.675610297930643,  [59, 383, 991], [-4096, -4096, -4096]
15:07:36, 21.2, 101008, 26.508675361364766,  [62, 381, 987], [-4096, -4096, -4096]
15:07:37, 21.2, 100989, 27.259903653867745,  [61, 378, 997], [-4096, -4096, -4096]
15:07:39, 21.2, 100995, 27.259903653867745,  [59, 381, 995], [-4096, -4096, -4096]
15:07:40, 21.2, 101016, 26.258277974709085,  [54, 384, 984], [-4096, -4096, -4096]
15:07:41, 21.2, 101001, 27.092959349182834,  [64, 383, 984], [-4096, -4096, -4096]
15:07:43, 21.2, 101002, 26.675610297930643,  [67, 378, 990], [-4096, -4096, -4096]
15:07:44, 21.2, 101005, 26.174813517292808,  [67, 389, 985], [-4096, -4096, -4096]
15:07:45, 21.2, 100992, 27.259903653867745,  [59, 377, 983], [-4096, -4096, -4096]
15:07:46, 21.2, 101008, 26.007886609604626,  [67, 380, 991], [-4096, -4096, -4096]
15:07:47, 21.2, 101007, 27.00948820061927,  [64, 379, 999], [-4096, -4096, -4096]
15:07:48, 21.2, 101007, 26.675610297930643,  [63, 377, 986], [-4096, -4096, -4096]
15:07:49, 21.2, 100997, 27.259903653867745,  [56, 380, 983], [-4096, -4096, -4096]
15:07:50, 21.2, 100989, 27.259903653867745,  [64, 382, 980], [-4096, -4096, -4096]
15:07:51, 21.2, 101008, 26.4252088967303,  [60, 384, 996], [-4096, -4096, -4096]
15:07:53, 21.2, 101000, 26.92601772122359,  [58, 384, 989], [-4096, -4096, -4096]
15:07:54, 21.2, 101005, 25.757501265726564,  [60, 379, 992], [-4096, -4096, -4096]
15:07:55, 21.2, 101000, 26.75907876989158,  [66, 383, 991], [-4096, -4096, -4096]
15:07:56, 21.2, 101011, 26.92601772122359,  [65, 382, 996], [-4096, -4096, -4096]
15:07:57, 21.2, 100995, 27.510325129956907,  [63, 381, 994], [-4096, -4096, -4096]
15:07:58, 21.2, 101002, 27.343376810008778,  [62, 379, 988], [-4096, -4096, -4096]
15:07:59, 21.2, 101005, 26.174813517292808,  [56, 382, 990], [-4096, -4096, -4096]
15:08:00, 21.2, 101004, 27.510325129956907,  [63, 382, 992], [-4096, -4096, -4096]
15:08:01, 21.2, 101014, 26.92601772122359,  [69, 381, 985], [-4096, -4096, -4096]
15:08:04, 21.2, 101014, 26.4252088967303,  [61, 380, 993], [-4096, -4096, -4096]
15:08:06, 21.2, 101000, 26.258277974709085,  [41, 386, 1000], [-4096, -4096, -4096]
15:08:07, 21.2, 101007, 27.259903653867745,  [64, 376, 988], [-4096, -4096, -4096]
15:08:09, 21.2, 101010, 26.4252088967303,  [62, 383, 989], [-4096, -4096, -4096]
15:08:10, 21.2, 101011, 26.258277974709085,  [60, 386, 987], [-4096, -4096, -4096]
15:08:11, 21.2, 101007, 26.92601772122359,  [70, 381, 981], [-4096, -4096, -4096]
15:08:12, 21.2, 101017, 26.258277974709085,  [62, 376, 987], [-4096, -4096, -4096]
15:08:13, 21.2, 100998, 27.092959349182834,  [57, 387, 985], [-4096, -4096, -4096]
15:08:14, 21.2, 101005, 26.174813517292808,  [62, 377, 991], [-4096, -4096, -4096]
15:08:15, 21.2, 101011, 26.675610297930643,  [61, 382, 998], [-4096, -4096, -4096]
15:08:17, 21.2, 101007, 25.590581048102912,  [58, 386, 1001], [-4096, -4096, -4096]
15:08:18, 21.2, 101007, 27.343376810008778,  [67, 372, 989], [-4096, -4096, -4096]
15:08:19, 21.2, 101004, 27.593800293788608,  [65, 378, 989], [-4096, -4096, -4096]
15:08:20, 21.2, 101005, 26.508675361364766,  [59, 388, 995], [-4096, -4096, -4096]
15:08:21, 21.2, 101001, 26.174813517292808,  [60, 376, 987], [-4096, -4096, -4096]
15:08:22, 21.2, 100995, 26.75907876989158,  [64, 384, 985], [-4096, -4096, -4096]
15:08:23, 21.2, 101004, 27.343376810008778,  [66, 382, 1002], [-4096, -4096, -4096]
15:08:24, 21.2, 101002, 26.4252088967303,  [61, 383, 995], [-4096, -4096, -4096]
15:08:25, 21.2, 101004, 27.259903653867745,  [61, 381, 988], [-4096, -4096, -4096]
15:08:27, 21.2, 101013, 27.259903653867745,  [62, 381, 995], [-4096, -4096, -4096]
15:08:28, 21.2, 101010, 27.00948820061927,  [64, 379, 992], [-4096, -4096, -4096]
15:08:29, 21.2, 101008, 26.4252088967303,  [57, 371, 986], [-4096, -4096, -4096]
15:08:30, 21.2, 100997, 27.259903653867745,  [59, 384, 989], [-4096, -4096, -4096]
15:08:31, 21.2, 101008, 26.258277974709085,  [67, 383, 986], [-4096, -4096, -4096]
15:08:32, 21.2, 101011, 27.259903653867745,  [65, 378, 991], [-4096, -4096, -4096]
15:08:33, 21.2, 101008, 26.174813517292808,  [62, 388, 992], [-4096, -4096, -4096]
15:08:35, 21.2, 101007, 25.757501265726564,  [54, 383, 996], [-4096, -4096, -4096]
15:08:36, 21.2, 101010, 26.174813517292808,  [60, 383, 984], [-4096, -4096, -4096]
15:08:37, 21.2, 101010, 26.675610297930643,  [61, 377, 986], [-4096, -4096, -4096]
15:08:38, 21.2, 101001, 26.174813517292808,  [53, 385, 997], [-4096, -4096, -4096]
15:08:39, 21.2, 101010, 27.259903653867745,  [59, 389, 993], [-4096, -4096, -4096]
