15:06:51, 26.5, 99939, 116.11945177011648,  [46, 116, -970], [113, -92, 250]
15:06:51, 26.4, 99935, 115.95107516985411,  [29, 113, -972], [103, -108, 246]
15:06:51, 26.4, 99926, 117.04557184473161,  [24, 128, -957], [102, -116, 244]
15:06:51, 26.4, 99924, 117.38236324732802,  [1, 164, -902], [81, -129, 242]
15:06:52, 26.4, 99920, 118.2243895158913,  [111, 250, -931], [54, -213, 194]
15:06:52, 26.3, 99901, 119.2349111179405,  [156, 600, -707], [95, -350, -7]
15:06:52, 26.4, 99913, 118.3928029581803,  [125, 795, -389], [280, -290, -301]
15:06:52, 26.4, 99905, 118.3928029581803,  [-285, 812, 224], [368, -163, -374]
15:06:52, 26.4, 99911, 118.2243895158913,  [-460, 794, 455], [352, -190, -368]
15:06:53, 26.4, 99921, 117.97177447053764,  [-476, 774, 429], [249, -260, -429]
15:06:53, 26.4, 99930, 116.37202178633086,  [81, 853, 315], [-78, -382, -329]
15:06:53, 26.3, 99904, 118.4770107029772,  [487, 972, -150], [-148, -379, -268]
15:06:53, 26.3, 99905, 119.31912568780683,  [420, 908, -116], [-174, -360, -342]
15:06:53, 26.3, 99900, 118.89805966397768,  [376, 928, -100], [-155, -366, -333]
15:06:54, 26.3, 99892, 119.57177349290623,  [255, 923, -97], [-129, -380, -313]
15:06:54, 26.3, 99901, 119.2349111179405,  [146, 953, -52], [-74, -376, -356]
15:06:54, 26.4, 99900, 119.57177349290623,  [-3, 1006, 52], [-4, -373, -367]
15:06:54, 26.4, 99889, 119.4875568752774,  [17, 1102, 42], [18, -347, -419]
15:06:54, 26.4, 99907, 118.72963803212507,  [88, 1133, 99], [-5, -324, -460]
15:06:55, 26.5, 99919, 118.89805966397768,  [98, 1019, 167], [-5, -317, -453]
15:06:55, 26.5, 99919, 117.63496396328557,  [67, 1015, 167], [30, -307, -434]
15:06:55, 26.5, 99920, 117.55076304231788,  [35, 1023, 157], [52, -298, -389]
15:06:55, 26.5, 99920, 117.38236324732802,  [-19, 1041, 93], [52, -275, -356]
15:06:55, 26.5, 99913, 117.55076304231788,  [19, 1020, 109], [30, -256, -342]
15:06:56, 26.5, 99921, 117.97177447053764,  [-59, 1021, 17], [25, -241, -342]
15:06:56, 26.5, 99919, 118.89805966397768,  [-61, 1038, 43], [9, -244, -311]
15:06:56, 26.5, 99923, 117.97177447053764,  [-49, 1027, 47], [-10, -243, -313]
15:06:56, 26.5, 99920, 117.63496396328557,  [-64, 1026, 41], [-39, -255, -284]
15:06:56, 26.5, 99913, 117.63496396328557,  [7, 946, -4], [-112, -324, -248]
15:06:57, 26.6, 99935, 116.20364109339805,  [-15, 1014, 18], [-68, -397, -264]
15:06:57, 26.5, 99935, 116.2878310988012,  [14, 1028, -10], [-24, -395, -282]
15:06:57, 26.5, 99924, 116.03526312894174,  [-9, 1027, -10], [-3, -392, -290]
15:06:57, 26.5, 99932, 117.04557184473161,  [-28, 1025, 6], [2, -387, -296]
15:06:58, 26.6, 99932, 116.62459794182158,  [-12, 1021, 11], [8, -391, -295]
15:06:58, 26.6, 99930, 116.54040520782874,  [-12, 1110, -2], [15, -389, -290]
15:06:58, 26.6, 99937, 117.04557184473161,  [-27, 1010, 19], [-25, -387, -287]
15:06:58, 26.6, 99943, 116.62459794182158,  [3, 933, 29], [-78, -386, -271]
15:06:58, 26.6, 99929, 116.54040520782874,  [-34, 974, 15], [-34, -391, -277]
15:06:59, 26.6, 99927, 116.54040520782874,  [-37, 1019, 5], [-6, -393, -283]
15:06:59, 26.6, 99916, 117.55076304231788,  [-54, 1047, 23], [2, -391, -287]
15:06:59, 26.6, 99926, 117.1297686719904,  [-13, 900, 13], [3, -390, -294]
15:06:59, 26.6, 99927, 117.88757082018789,  [-48, 918, 0], [50, -395, -305]
15:06:59, 26.6, 99926, 116.87718023693314,  [-96, 994, 2], [104, -402, -334]
15:07:00, 26.5, 99936, 116.54040520782874,  [3, 1012, -20], [153, -420, -354]
15:07:00, 26.6, 99929, 117.04557184473161,  [8, 1023, 102], [227, -384, -377]
15:07:00, 26.6, 99935, 116.87718023693314,  [-120, 1275, -104], [198, -384, -371]
15:07:00, 26.6, 99933, 117.04557184473161,  [58, 1030, -133], [190, -392, -365]
15:07:00, 26.6, 99940, 115.69851538504022,  [-20, 1014, 10], [205, -386, -367]
15:07:01, 26.5, 99942, 116.79298545636394,  [45, 1017, -74], [187, -388, -370]
15:07:01, 26.5, 99932, 116.03526312894174,  [105, 1061, -83], [176, -398, -359]
15:07:01, 26.3, 99848, 118.1401838183795,  [44, 1042, -84], [189, -397, -354]
15:07:01, 26.5, 99940, 116.11945177011648,  [43, 1033, -48], [180, -396, -366]
15:07:01, 26.5, 99936, 116.62459794182158,  [43, 1021, -44], [186, -400, -367]
15:07:02, 26.5, 99936, 116.79298545636394,  [63, 1021, -8], [184, -397, -366]
15:07:02, 26.5, 99936, 116.2878310988012,  [48, 1018, -31], [183, -398, -367]
15:07:02, 26.4, 99926, 116.79298545636394,  [24, 1010, -62], [181, -396, -370]
15:07:02, 26.4, 99927, 117.1297686719904,  [41, 1014, -26], [185, -395, -369]
15:07:02, 26.4, 99923, 117.71916556657169,  [63, 1018, -49], [184, -395, -370]
15:07:03, 26.4, 99914, 118.3928029581803,  [45, 1022, -29], [188, -397, -366]
15:07:03, 26.3, 99920, 117.63496396328557,  [34, 1020, -24], [188, -397, -366]
15:07:03, 26.3, 99916, 118.3928029581803,  [46, 1019, -32], [184, -393, -369]
15:07:03, 26.3, 99902, 118.2243895158913,  [43, 1020, -27], [187, -396, -368]
15:07:03, 26.3, 99905, 117.97177447053764,  [30, 1017, -39], [183, -391, -370]
15:07:04, 26.3, 99913, 118.72963803212507,  [45, 1017, -32], [184, -395, -367]
15:07:04, 26.2, 99916, 118.1401838183795,  [36, 1019, -45], [185, -396, -368]
15:07:04, 26.2, 99914, 117.97177447053764,  [36, 1022, -38], [184, -398, -368]
15:07:04, 26.2, 99914, 118.64542823993973,  [41, 1019, -38], [184, -394, -366]
15:07:04, 26.2, 99913, 118.89805966397768,  [43, 1019, -43], [184, -396, -366]
15:07:05, 26.2, 99908, 118.2243895158913,  [49, 1018, -41], [183, -395, -366]
15:07:05, 26.2, 99902, 118.89805966397768,  [39, 1020, -41], [182, -398, -367]
15:07:05, 26.2, 99910, 118.89805966397768,  [38, 1019, -29], [187, -396, -369]
15:07:05, 26.2, 99905, 118.89805966397768,  [37, 1014, -34], [184, -397, -366]
15:07:05, 26.2, 99904, 118.3928029581803,  [30, 1016, -51], [181, -397, -369]
15:07:06, 26.2, 99910, 118.64542823993973,  [43, 1019, -31], [185, -398, -364]
15:07:06, 26.2, 99907, 118.3928029581803,  [46, 1021, -24], [186, -396, -368]
15:07:06, 26.2, 99908, 118.4770107029772,  [44, 1019, -29], [181, -399, -368]
15:07:06, 26.2, 99905, 118.98227150366958,  [35, 1021, -32], [186, -397, -366]
15:07:06, 26.2, 99919, 117.88757082018789,  [46, 1018, -32], [185, -398, -368]
15:07:07, 26.2, 99914, 118.98227150366958,  [56, 1017, -40], [184, -401, -366]
15:07:07, 26.1, 99917, 118.72963803212507,  [44, 1013, -49], [183, -401, -367]
15:07:07, 26.1, 99900, 118.64542823993973,  [36, 1015, -39], [182, -399, -369]
15:07:07, 26.1, 99919, 118.2243895158913,  [54, 1020, -23], [184, -398, -370]
15:07:07, 26.1, 99911, 118.98227150366958,  [41, 1019, -29], [183, -398, -374]
15:07:08, 26.1, 99904, 118.89805966397768,  [49, 1016, -33], [184, -398, -370]
15:07:08, 26.1, 99911, 117.38236324732802,  [66, 1015, -33], [179, -398, -368]
15:07:08, 26.0, 99921, 118.2243895158913,  [49, 1014, -49], [184, -396, -372]
15:07:08, 26.0, 99919, 117.88757082018789,  [24, 1020, -53], [184, -398, -369]
15:07:08, 26.0, 99907, 117.88757082018789,  [50, 1018, -42], [185, -396, -369]
15:07:09, 26.0, 99916, 118.3928029581803,  [57, 1020, -23], [187, -396, -371]
15:07:09, 26.0, 99913, 117.2981643732763,  [40, 1018, -12], [184, -398, -369]
15:07:09, 26.0, 99919, 117.97177447053764,  [44, 1019, -26], [185, -395, -369]
15:07:09, 26.0, 99908, 117.55076304231788,  [51, 1018, -37], [181, -397, -371]
15:07:09, 26.0, 99914, 118.89805966397768,  [33, 1020, -56], [182, -399, -371]
15:07:10, 26.0, 99913, 118.1401838183795,  [33, 1017, -52], [185, -399, -369]
15:07:10, 26.0, 99905, 118.64542823993973,  [39, 1018, -34], [187, -398, -371]
15:07:10, 26.0, 99908, 118.2243895158913,  [41, 1019, -26], [185, -396, -372]
15:07:10, 25.9, 99907, 118.89805966397768,  [38, 1016, -31], [185, -395, -368]
15:07:10, 25.9, 99911, 118.3928029581803,  [35, 1022, -37], [183, -395, -369]
15:07:11, 25.9, 99907, 118.3928029581803,  [32, 1024, -46], [184, -397, -369]
15:07:11, 25.9, 99914, 118.2243895158913,  [34, 1016, -38], [186, -398, -372]
15:07:11, 25.9, 99916, 118.4770107029772,  [51, 1022, -23], [182, -399, -371]
15:07:11, 25.9, 99914, 118.72963803212507,  [34, 1020, -27], [182, -396, -372]
15:07:11, 25.9, 99920, 118.4770107029772,  [34, 1021, -39], [183, -398, -372]
15:07:12, 25.9, 99907, 118.64542823993973,  [37, 1018, -33], [181, -396, -368]
15:07:12, 25.8, 99911, 119.31912568780683,  [31, 1019, -30], [179, -403, -368]
15:07:12, 25.8, 99900, 118.89805966397768,  [49, 1018, -35], [183, -395, -371]
15:07:12, 25.8, 99904, 119.4875568752774,  [56, 1019, -47], [181, -401, -371]
15:07:12, 25.8, 99905, 119.0664840258817,  [47, 1020, -39], [179, -398, -369]
15:07:13, 25.8, 99903, 118.64542823993973,  [39, 1020, -29], [182, -395, -370]
15:07:13, 25.7, 99907, 118.72963803212507,  [26, 1018, -47], [184, -397, -369]
15:07:13, 25.7, 99901, 119.31912568780683,  [36, 1020, -61], [185, -399, -372]
15:07:13, 25.7, 99892, 119.0664840258817,  [37, 1019, -51], [187, -398, -373]
15:07:13, 25.7, 99892, 120.41397721488958,  [45, 1017, -34], [185, -396, -372]
15:07:14, 25.6, 99888, 120.24553100900123,  [33, 1020, -34], [186, -398, -371]
15:07:14, 25.6, 99884, 120.58242615172017,  [50, 1019, -35], [186, -400, -369]
15:07:14, 25.6, 99891, 119.74020877601005,  [48, 1019, -39], [186, -397, -368]
15:07:14, 25.6, 99891, 119.74020877601005,  [35, 1020, -46], [187, -397, -368]
15:07:14, 25.6, 99895, 118.98227150366958,  [41, 1019, -17], [187, -395, -370]
15:07:15, 25.6, 99892, 119.82442744150964,  [37, 1017, -26], [187, -395, -371]
15:07:15, 25.6, 99898, 119.57177349290623,  [44, 1019, -37], [186, -397, -369]
15:07:15, 25.6, 99901, 119.31912568780683,  [38, 1018, -49], [186, -397, -370]
15:07:15, 25.6, 99897, 118.98227150366958,  [40, 1017, -52], [184, -396, -370]
15:07:15, 25.6, 99894, 118.4770107029772,  [36, 1021, -49], [185, -395, -369]
15:07:16, 25.6, 99884, 120.6666516442677,  [44, 1020, -34], [185, -397, -370]
15:07:16, 25.5, 99887, 120.83510467769617,  [31, 1020, -31], [185, -398, -371]
15:07:16, 25.6, 99879, 119.82442744150964,  [36, 1021, -32], [184, -397, -368]
15:07:16, 25.6, 99903, 118.98227150366958,  [40, 1019, -48], [186, -398, -367]
15:07:16, 25.6, 99903, 119.74020877601005,  [36, 1016, -48], [179, -396, -371]
15:07:17, 25.6, 99895, 119.2349111179405,  [35, 1017, -39], [183, -398, -369]
15:07:17, 25.6, 99904, 119.31912568780683,  [43, 1016, -32], [183, -400, -369]
15:07:17, 25.6, 99901, 118.72963803212507,  [7, 1014, -9], [183, -398, -367]
15:07:17, 25.6, 99904, 118.89805966397768,  [-33, 1022, -17], [172, -395, -378]
15:07:17, 25.6, 99889, 119.57177349290623,  [97, 1001, -96], [138, -400, -389]
15:07:18, 25.5, 99894, 120.32975377058193,  [98, 1044, -31], [112, -402, -397]
15:07:18, 25.5, 99891, 120.58242615172017,  [164, 1045, -88], [96, -402, -400]
15:07:18, 25.5, 99885, 120.58242615172017,  [78, 990, -72], [87, -405, -399]
15:07:18, 25.5, 99894, 120.83510467769617,  [21, 1065, -108], [80, -405, -398]
15:07:18, 25.5, 99887, 119.9928668204731,  [43, 1024, -63], [80, -402, -403]
15:07:19, 25.4, 99892, 120.32975377058193,  [93, 1018, -46], [81, -400, -400]
15:07:19, 25.4, 99882, 120.58242615172017,  [70, 1018, -39], [84, -401, -401]
15:07:19, 25.4, 99878, 120.91933221860171,  [56, 1014, -54], [87, -400, -401]
15:07:19, 25.4, 99875, 121.34048016552478,  [71, 1012, -53], [86, -402, -400]
15:07:19, 25.4, 99876, 120.6666516442677,  [74, 1015, -53], [82, -400, -401]
15:07:20, 25.4, 99881, 120.91933221860171,  [62, 1013, -51], [83, -400, -403]
15:07:20, 25.4, 99887, 121.08778934885446,  [63, 1020, -51], [84, -400, -399]
15:07:20, 25.4, 99876, 120.6666516442677,  [69, 1017, -48], [87, -402, -399]
15:07:20, 25.5, 99889, 120.41397721488958,  [69, 1019, -50], [84, -397, -401]
15:07:20, 25.4, 99885, 121.34048016552478,  [67, 1018, -51], [84, -401, -400]
15:07:21, 25.4, 99885, 120.24553100900123,  [71, 1016, -50], [84, -402, -399]
15:07:21, 25.4, 99881, 120.91933221860171,  [65, 1017, -56], [83, -400, -398]
15:07:21, 25.4, 99879, 121.08778934885446,  [67, 1015, -53], [84, -400, -396]
15:07:21, 25.4, 99884, 121.42471180347607,  [71, 1015, -50], [84, -402, -401]
15:07:21, 25.4, 99879, 120.6666516442677,  [67, 1014, -54], [85, -400, -402]
15:07:22, 25.4, 99873, 121.17201893822627,  [65, 1014, -51], [82, -399, -395]
15:07:22, 25.5, 99878, 120.58242615172017,  [68, 1019, -51], [83, -402, -400]
15:07:22, 25.5, 99879, 120.6666516442677,  [68, 1018, -48], [82, -399, -400]
15:07:22, 25.5, 99889, 120.32975377058193,  [64, 1014, -54], [80, -402, -399]
15:07:22, 25.5, 99873, 120.83510467769617,  [65, 1018, -52], [81, -400, -397]
15:07:23, 25.5, 99884, 120.83510467769617,  [67, 1018, -50], [83, -400, -399]
15:07:23, 25.5, 99884, 120.6666516442677,  [70, 1015, -49], [83, -402, -395]
15:07:23, 25.5, 99876, 120.91933221860171,  [69, 1018, -50], [83, -399, -399]
15:07:23, 25.5, 99879, 120.83510467769617,  [68, 1019, -52], [80, -401, -396]
15:07:23, 25.5, 99881, 120.58242615172017,  [69, 1017, -50], [82, -399, -396]
15:07:24, 25.5, 99892, 120.32975377058193,  [81, 1009, -58], [81, -402, -396]
15:07:24, 25.5, 99891, 120.41397721488958,  [56, 1008, -63], [81, -399, -396]
15:07:24, 25.5, 99885, 120.41397721488958,  [71, 1012, -65], [83, -400, -396]
15:07:24, 25.5, 99885, 120.83510467769617,  [67, 1020, -31], [86, -400, -396]
15:07:24, 25.5, 99887, 120.24553100900123,  [70, 1007, -37], [83, -399, -398]
15:07:25, 25.6, 99887, 120.58242615172017,  [47, 1010, -58], [81, -398, -400]
15:07:25, 25.5, 99884, 120.91933221860171,  [58, 1003, -89], [78, -396, -396]
15:07:25, 25.6, 99882, 121.08778934885446,  [79, 1022, -69], [78, -398, -400]
15:07:25, 25.6, 99882, 120.6666516442677,  [59, 1020, -60], [81, -399, -397]
15:07:25, 25.6, 99881, 121.17201893822627,  [68, 1021, -54], [79, -398, -399]
15:07:26, 25.6, 99878, 120.6666516442677,  [74, 1016, -48], [81, -397, -395]
15:07:26, 25.6, 99889, 120.32975377058193,  [69, 1018, -54], [82, -399, -396]
15:07:26, 25.6, 99889, 120.6666516442677,  [68, 1009, -57], [81, -396, -397]
15:07:26, 25.6, 99885, 120.07708753395664,  [73, 1009, -93], [81, -403, -397]
15:07:26, 25.6, 99891, 120.32975377058193,  [72, 1017, -64], [80, -401, -400]
15:07:27, 25.6, 99888, 120.41397721488958,  [72, 1036, -74], [80, -396, -397]
15:07:27, 25.6, 99889, 120.24553100900123,  [50, 1004, -28], [77, -401, -394]
15:07:27, 25.6, 99888, 120.41397721488958,  [80, 1010, -48], [81, -396, -395]
15:07:27, 25.6, 99884, 120.83510467769617,  [78, 1017, -29], [79, -398, -397]
15:07:27, 25.6, 99884, 120.32975377058193,  [84, 1020, -26], [82, -401, -396]
15:07:28, 25.6, 99889, 120.58242615172017,  [89, 1022, -33], [81, -400, -395]
15:07:28, 25.7, 99884, 121.42471180347607,  [107, 1023, -39], [79, -401, -394]
15:07:28, 25.7, 99894, 120.32975377058193,  [64, 1017, -27], [79, -398, -394]
15:07:28, 25.7, 99888, 120.32975377058193,  [81, 1020, -39], [79, -400, -394]
15:07:28, 25.7, 99888, 120.6666516442677,  [57, 1016, -87], [80, -402, -396]
15:07:29, 25.7, 99881, 120.24553100900123,  [70, 1019, -68], [77, -400, -395]
15:07:29, 25.7, 99884, 120.91933221860171,  [85, 1015, -52], [76, -399, -395]
15:07:29, 25.7, 99884, 120.58242615172017,  [70, 1017, -48], [82, -403, -396]
15:07:29, 25.7, 99878, 120.32975377058193,  [71, 1016, -42], [80, -402, -399]
15:07:29, 25.7, 99885, 120.83510467769617,  [72, 1015, -45], [78, -401, -397]
15:07:30, 25.7, 99884, 121.08778934885446,  [69, 1015, -57], [79, -397, -392]
15:07:30, 25.7, 99895, 120.41397721488958,  [71, 1015, -51], [80, -399, -396]
15:07:30, 25.7, 99892, 121.34048016552478,  [69, 1018, -42], [78, -399, -400]
15:07:30, 25.7, 99882, 121.08778934885446,  [72, 1019, -51], [81, -398, -395]
15:07:30, 25.7, 99885, 120.6666516442677,  [68, 1019, -52], [78, -396, -396]
15:07:31, 25.7, 99887, 120.41397721488958,  [69, 1017, -48], [79, -396, -396]
15:07:31, 25.7, 99887, 120.32975377058193,  [72, 1017, -50], [79, -399, -396]
15:07:31, 25.7, 99889, 120.6666516442677,  [75, 1015, -51], [80, -395, -396]
15:07:31, 25.8, 99887, 120.32975377058193,  [71, 1015, -50], [83, -399, -395]
15:07:31, 25.7, 99884, 120.58242615172017,  [73, 1017, -54], [79, -397, -397]
15:07:32, 25.7, 99885, 120.6666516442677,  [74, 1017, -52], [81, -396, -397]
15:07:32, 25.8, 99882, 120.32975377058193,  [70, 1014, -54], [83, -397, -396]
15:07:32, 25.8, 99884, 120.6666516442677,  [69, 1016, -49], [82, -401, -393]
15:07:32, 25.8, 99884, 119.74020877601005,  [68, 1018, -50], [78, -400, -394]
15:07:32, 25.8, 99888, 120.07708753395664,  [71, 1016, -51], [79, -402, -394]
15:07:33, 25.8, 99889, 120.41397721488958,  [71, 1014, -52], [82, -395, -393]
15:07:33, 25.8, 99885, 119.82442744150964,  [64, 1014, -51], [81, -399, -395]
15:07:33, 25.8, 99889, 120.83510467769617,  [65, 1015, -51], [82, -397, -397]
15:07:33, 25.8, 99875, 120.4982013419291,  [82, 1018, -67], [80, -395, -394]
15:07:33, 25.8, 99891, 120.24553100900123,  [57, 1019, -57], [78, -401, -395]
15:07:34, 25.8, 99886, 120.24553100900123,  [60, 1009, -38], [79, -397, -394]
15:07:34, 25.8, 99888, 119.74020877601005,  [64, 1019, -35], [79, -401, -395]
15:07:34, 25.8, 99891, 120.83510467769617,  [64, 1014, -39], [81, -397, -396]
15:07:34, 25.8, 99878, 120.83510467769617,  [74, 1018, -56], [81, -401, -393]
15:07:34, 25.8, 99884, 120.4982013419291,  [43, 1021, -55], [79, -403, -394]
15:07:35, 25.8, 99895, 120.58242615172017,  [58, 1016, -55], [79, -401, -395]
15:07:35, 25.8, 99888, 120.32975377058193,  [73, 1017, -50], [80, -399, -394]
15:07:35, 25.8, 99882, 120.6666516442677,  [83, 1014, -50], [81, -397, -393]
15:07:35, 25.8, 99886, 120.32975377058193,  [71, 1018, -41], [77, -399, -395]
15:07:35, 25.8, 99889, 119.57177349290623,  [71, 1013, -53], [80, -397, -393]
15:07:36, 25.9, 99898, 118.64542823993973,  [69, 1017, -51], [84, -399, -394]
15:07:36, 25.9, 99914, 118.98227150366958,  [73, 1019, -54], [79, -400, -391]
15:07:36, 25.9, 99913, 118.2243895158913,  [77, 1019, -55], [80, -399, -392]
15:07:36, 25.9, 99920, 117.97177447053764,  [72, 1016, -48], [81, -400, -395]
15:07:36, 25.9, 99926, 117.1297686719904,  [80, 1016, -54], [82, -395, -392]
15:07:37, 25.9, 99914, 117.63496396328557,  [77, 1015, -57], [80, -400, -393]
15:07:37, 25.9, 99917, 118.1401838183795,  [63, 1012, -50], [79, -398, -396]
15:07:37, 25.9, 99923, 118.3928029581803,  [66, 1015, -51], [80, -394, -394]
15:07:37, 25.9, 99911, 117.63496396328557,  [72, 1015, -54], [82, -397, -397]
15:07:37, 25.9, 99922, 117.71916556657169,  [77, 1018, -45], [81, -400, -394]
15:07:38, 25.9, 99914, 117.88757082018789,  [74, 1017, -62], [81, -397, -394]
15:07:38, 25.9, 99914, 117.97177447053764,  [76, 1017, -64], [78, -395, -395]
15:07:38, 25.8, 99904, 118.72963803212507,  [73, 1018, -55], [84, -399, -392]
15:07:38, 25.8, 99904, 120.6666516442677,  [68, 1023, -45], [83, -399, -389]
15:07:38, 25.7, 99903, 119.2349111179405,  [78, 1020, -53], [83, -401, -390]
15:07:39, 25.8, 99889, 119.0664840258817,  [72, 1018, -53], [82, -399, -390]
15:07:39, 25.8, 99892, 119.4875568752774,  [101, 1019, -68], [82, -397, -389]
15:07:39, 25.8, 99898, 119.57177349290623,  [81, 1012, -64], [80, -400, -388]
15:07:39, 25.8, 99892, 120.07708753395664,  [60, 1007, -58], [77, -401, -388]
15:07:39, 25.8, 99901, 119.74020877601005,  [78, 1008, -40], [76, -399, -390]
15:07:40, 25.8, 99891, 119.74020877601005,  [69, 1001, -99], [72, -398, -393]
15:07:40, 25.8, 99895, 119.82442744150964,  [83, 1010, -69], [72, -401, -392]
15:07:40, 25.8, 99898, 119.74020877601005,  [64, 1042, -18], [67, -396, -395]
15:07:40, 25.8, 99907, 119.0664840258817,  [62, 1021, -49], [58, -396, -402]
15:07:40, 25.8, 99898, 119.74020877601005,  [35, 1019, -33], [53, -392, -404]
15:07:41, 25.8, 99894, 118.89805966397768,  [46, 1015, -27], [54, -393, -405]
15:07:41, 25.8, 99904, 119.4875568752774,  [54, 1021, -29], [51, -392, -407]
15:07:41, 25.8, 99901, 119.0664840258817,  [18, 1015, -99], [54, -389, -415]
15:07:41, 25.8, 99897, 119.4875568752774,  [34, 1026, -40], [62, -391, -413]
15:07:41, 25.8, 99895, 119.0664840258817,  [34, 1021, -28], [67, -390, -407]
15:07:42, 25.8, 99905, 119.4875568752774,  [74, 1019, -24], [74, -388, -408]
15:07:42, 25.9, 99891, 118.98227150366958,  [62, 1016, -13], [76, -393, -407]
15:07:42, 25.8, 99889, 120.4982013419291,  [45, 1020, -7], [80, -394, -410]
15:07:42, 25.8, 99878, 120.4982013419291,  [37, 1022, -18], [77, -390, -408]
15:07:42, 25.9, 99892, 120.58242615172017,  [46, 1014, -11], [77, -391, -411]
15:07:43, 25.9, 99894, 119.9928668204731,  [95, 1025, -7], [69, -389, -406]
15:07:43, 25.9, 99913, 118.64542823993973,  [16, 1023, -31], [76, -386, -406]
15:07:43, 26.2, 99942, 114.77251535553069,  [38, 1021, -32], [81, -387, -412]
15:07:43, 26.3, 99962, 114.35163352850695,  [58, 1019, -29], [76, -390, -412]
15:07:43, 26.3, 99949, 115.02505263454034,  [40, 1015, -27], [80, -386, -414]
15:07:44, 26.3, 99954, 114.09911261454378,  [-16, 1029, -55], [85, -390, -415]
15:07:44, 26.4, 99975, 115.02505263454034,  [36, 1020, -35], [77, -390, -410]
15:07:44, 26.4, 99975, 113.42575350933178,  [18, 1027, -20], [84, -387, -412]
15:07:44, 26.4, 99969, 113.59408919512494,  [57, 1028, -25], [98, -394, -409]
15:07:44, 26.4, 99968, 113.84659783685969,  [43, 1022, -39], [90, -393, -402]
15:07:45, 26.3, 99957, 114.77251535553069,  [33, 1024, -14], [63, -381, -410]
15:07:45, 26.3, 99948, 115.53014560539816,  [20, 1024, -28], [81, -396, -429]
15:07:45, 26.3, 99951, 114.68833762635721,  [24, 1015, -23], [80, -404, -417]
15:07:45, 26.3, 99955, 115.19341423024912,  [35, 1014, -36], [88, -394, -404]
15:07:45, 26.2, 99945, 115.19341423024912,  [48, 1019, -18], [96, -382, -414]
15:07:46, 26.1, 99942, 116.2878310988012,  [39, 1014, -36], [106, -383, -417]
15:07:46, 26.1, 99930, 116.62459794182158,  [50, 1020, -41], [107, -383, -417]
15:07:46, 26.1, 99938, 117.1297686719904,  [34, 1018, -34], [117, -379, -416]
15:07:46, 26.1, 99920, 117.38236324732802,  [32, 1012, -30], [118, -378, -414]
15:07:46, 26.2, 99935, 116.87718023693314,  [12, 1014, -35], [116, -379, -410]
15:07:47, 26.2, 99929, 116.87718023693314,  [44, 1013, -20], [109, -383, -421]
15:07:47, 26.3, 99921, 117.04557184473161,  [-9, 1025, -63], [104, -382, -424]
15:07:47, 26.3, 99923, 117.04557184473161,  [5, 1023, -50], [103, -385, -426]
15:07:47, 26.3, 99935, 116.62459794182158,  [30, 1032, -77], [100, -386, -426]
15:07:47, 26.2, 99923, 118.1401838183795,  [39, 1024, -40], [96, -392, -427]
15:07:48, 26.1, 99904, 119.2349111179405,  [36, 1017, -28], [96, -401, -416]
15:07:48, 26.0, 99895, 119.4875568752774,  [40, 1021, -30], [81, -393, -421]
15:07:48, 26.0, 99892, 120.24553100900123,  [41, 1021, -24], [82, -382, -425]
15:07:48, 26.0, 99895, 119.31912568780683,  [35, 1019, -23], [84, -383, -417]
15:07:48, 26.1, 99901, 119.82442744150964,  [33, 1019, -22], [85, -385, -418]
15:07:49, 26.1, 99903, 119.2349111179405,  [38, 1016, -20], [87, -387, -418]
15:07:49, 26.1, 99897, 119.4875568752774,  [37, 1018, -29], [88, -384, -414]
15:07:49, 26.0, 99882, 119.57177349290623,  [39, 1018, -24], [88, -385, -416]
15:07:49, 26.0, 99870, 121.9301159721802,  [40, 1019, -24], [90, -386, -413]
15:07:49, 26.0, 99884, 120.91933221860171,  [35, 1019, -22], [87, -387, -416]
15:07:50, 26.0, 99886, 121.17201893822627,  [38, 1022, -24], [86, -384, -414]
15:07:50, 26.0, 99879, 120.83510467769617,  [39, 1020, -23], [89, -384, -415]
15:07:50, 26.0, 99885, 120.4982013419291,  [40, 1022, -21], [87, -383, -415]
15:07:50, 26.0, 99882, 120.32975377058193,  [39, 1019, -21], [89, -387, -416]
15:07:51, 26.0, 99885, 120.83510467769617,  [37, 1019, -26], [86, -385, -416]
15:07:51, 26.0, 99884, 119.82442744150964,  [26, 1037, -19], [88, -386, -416]
15:07:51, 26.0, 99885, 120.4982013419291,  [38, 1025, -24], [87, -388, -420]
15:07:51, 26.0, 99885, 119.9928668204731,  [41, 1024, -22], [85, -385, -417]
15:07:51, 26.0, 99885, 119.9928668204731,  [36, 1024, -15], [87, -388, -420]
15:07:52, 26.0, 99892, 120.83510467769617,  [39, 1026, -20], [88, -387, -418]
15:07:52, 26.0, 99892, 119.82442744150964,  [40, 1020, -27], [85, -387, -416]
15:07:52, 26.0, 99891, 120.83510467769617,  [39, 1023, -32], [83, -390, -415]
15:07:52, 26.0, 99889, 120.24553100900123,  [48, 1019, -19], [88, -390, -417]
15:07:52, 26.0, 99882, 120.58242615172017,  [36, 1020, -21], [85, -386, -415]
15:07:53, 26.0, 99885, 121.17201893822627,  [33, 1021, -25], [88, -387, -414]
15:07:53, 26.0, 99882, 120.91933221860171,  [33, 1018, -24], [87, -391, -418]
15:07:53, 26.0, 99869, 121.67741081468085,  [31, 1017, -26], [88, -388, -417]
15:07:53, 26.0, 99873, 122.09858949194972,  [36, 1021, -25], [85, -386, -414]
15:07:53, 26.0, 99869, 122.26706574365072,  [35, 1023, -21], [86, -388, -415]
15:07:54, 26.0, 99872, 121.5931771280418,  [41, 1021, -20], [86, -393, -417]
15:07:54, 26.1, 99867, 122.26706574365072,  [42, 1020, -23], [88, -389, -416]
15:07:54, 26.0, 99866, 122.26706574365072,  [41, 1020, -22], [84, -388, -414]
15:07:54, 26.1, 99873, 122.43554472738653,  [34, 1020, -23], [86, -388, -416]
15:07:54, 26.1, 99863, 122.09858949194972,  [35, 1019, -23], [88, -387, -417]
15:07:55, 26.1, 99872, 121.84588023673528,  [33, 1021, -26], [87, -386, -415]
15:07:55, 26.1, 99869, 122.51978524379517,  [34, 1020, -26], [87, -386, -418]
15:07:55, 26.1, 99863, 121.34048016552478,  [39, 1023, -22], [86, -385, -413]
15:07:55, 26.1, 99870, 122.09858949194972,  [33, 1020, -18], [88, -392, -417]
15:07:55, 26.1, 99870, 121.9301159721802,  [38, 1020, -19], [89, -384, -415]
15:07:56, 26.1, 99865, 121.9301159721802,  [36, 1021, -19], [88, -388, -415]
15:07:56, 26.1, 99860, 122.43554472738653,  [35, 1020, -21], [88, -386, -416]
15:07:56, 26.1, 99866, 122.09858949194972,  [33, 1020, -20], [88, -384, -417]
15:07:56, 26.1, 99869, 121.5931771280418,  [38, 1021, -16], [88, -384, -417]
15:07:56, 26.1, 99869, 121.9301159721802,  [36, 1021, -21], [88, -384, -418]
15:07:57, 26.1, 99863, 121.84588023673528,  [39, 1020, -25], [86, -385, -416]
15:07:57, 26.1, 99876, 121.9301159721802,  [33, 1018, -19], [87, -385, -416]
15:07:57, 26.1, 99866, 122.26706574365072,  [39, 1018, -21], [85, -386, -415]
15:07:57, 26.1, 99869, 121.67741081468085,  [38, 1020, -23], [88, -387, -414]
15:07:57, 26.1, 99872, 122.18282727629895,  [39, 1020, -21], [87, -386, -414]
15:07:58, 26.2, 99872, 122.18282727629895,  [39, 1017, -20], [86, -387, -418]
15:07:58, 26.2, 99869, 121.42471180347607,  [37, 1017, -20], [87, -385, -415]
15:07:58, 26.2, 99870, 122.09858949194972,  [38, 1024, -23], [86, -390, -414]
15:07:58, 26.1, 99876, 122.09858949194972,  [43, 1022, -18], [82, -388, -420]
15:07:58, 26.1, 99872, 121.84588023673528,  [37, 1018, -23], [84, -389, -418]
15:07:59, 26.1, 99875, 121.84588023673528,  [37, 1019, -27], [85, -389, -415]
15:07:59, 26.1, 99870, 121.42471180347607,  [79, 1027, -67], [83, -390, -416]
15:07:59, 26.1, 99872, 121.67741081468085,  [33, 1034, 1], [62, -389, -413]
15:07:59, 26.1, 99869, 121.34048016552478,  [23, 1023, -26], [56, -391, -411]
15:07:59, 26.1, 99876, 121.84588023673528,  [6, 1018, -32], [56, -385, -410]
15:08:00, 26.2, 99873, 122.09858949194972,  [12, 1019, -33], [52, -391, -407]
15:08:00, 26.2, 99875, 121.67741081468085,  [9, 1017, -26], [54, -390, -408]
15:08:00, 26.2, 99875, 121.42471180347607,  [-1, 1014, -14], [53, -386, -409]
15:08:00, 26.2, 99872, 121.42471180347607,  [0, 1020, -24], [51, -383, -411]
15:08:00, 26.2, 99856, 121.17201893822627,  [7, 1020, -26], [51, -384, -407]
15:08:01, 26.2, 99866, 124.62602017588745,  [25, 1016, -19], [53, -386, -408]
15:08:01, 26.2, 99872, 121.67741081468085,  [25, 1015, -24], [58, -382, -407]
15:08:01, 26.2, 99867, 122.18282727629895,  [12, 1019, -44], [58, -385, -407]
15:08:01, 26.2, 99867, 121.42471180347607,  [15, 1020, -45], [54, -380, -409]
15:08:01, 26.2, 99869, 121.9301159721802,  [13, 1021, -40], [57, -387, -409]
15:08:02, 26.2, 99882, 121.42471180347607,  [9, 1021, -41], [55, -383, -410]
15:08:02, 26.2, 99866, 121.17201893822627,  [12, 1020, -35], [56, -380, -411]
15:08:02, 26.2, 99875, 121.67741081468085,  [11, 1018, -33], [57, -385, -408]
15:08:02, 26.2, 99882, 121.42471180347607,  [10, 1017, -41], [57, -382, -410]
15:08:02, 26.2, 99876, 121.5931771280418,  [17, 1021, -39], [57, -388, -409]
15:08:03, 26.2, 99876, 122.09858949194972,  [14, 1019, -41], [55, -382, -406]
15:08:03, 26.1, 99870, 121.9301159721802,  [13, 1017, -38], [55, -385, -410]
15:08:03, 26.1, 99870, 121.84588023673528,  [7, 1019, -36], [57, -383, -406]
15:08:03, 26.1, 99866, 122.18282727629895,  [11, 1021, -37], [56, -380, -410]
15:08:03, 26.1, 99869, 121.5931771280418,  [12, 1020, -39], [55, -383, -408]
15:08:04, 26.1, 99875, 121.84588023673528,  [16, 1020, -45], [57, -386, -408]
15:08:04, 26.1, 99872, 122.09858949194972,  [14, 1021, -40], [56, -387, -407]
15:08:04, 26.1, 99876, 121.17201893822627,  [12, 1023, -44], [57, -386, -408]
15:08:04, 26.1, 99879, 121.34048016552478,  [18, 1022, -43], [52, -387, -407]
15:08:04, 26.1, 99876, 121.17201893822627,  [11, 1019, -39], [57, -385, -408]
15:08:05, 26.1, 99884, 120.83510467769617,  [12, 1019, -35], [54, -385, -407]
15:08:05, 26.1, 99885, 121.08778934885446,  [5, 1020, -38], [55, -384, -407]
15:08:05, 26.1, 99881, 120.83510467769617,  [11, 1020, -39], [56, -387, -409]
15:08:05, 26.1, 99879, 120.6666516442677,  [17, 1019, -47], [55, -388, -408]
15:08:05, 26.1, 99878, 121.34048016552478,  [14, 1019, -43], [58, -387, -407]
15:08:06, 26.1, 99885, 120.91933221860171,  [7, 1018, -39], [56, -384, -407]
15:08:06, 26.2, 99876, 121.08778934885446,  [14, 1017, -31], [55, -385, -408]
15:08:06, 26.2, 99856, 120.58242615172017,  [7, 1017, -32], [55, -385, -409]
15:08:06, 26.2, 99876, 120.91933221860171,  [6, 1020, -27], [59, -384, -406]
15:08:06, 26.2, 99881, 121.34048016552478,  [10, 1018, -42], [54, -388, -409]
15:08:07, 26.2, 99881, 120.83510467769617,  [15, 1017, -39], [56, -384, -406]
15:08:07, 26.2, 99881, 120.91933221860171,  [9, 1020, -36], [56, -384, -407]
15:08:07, 26.2, 99878, 121.34048016552478,  [13, 1021, -34], [58, -382, -410]
15:08:07, 26.2, 99878, 121.17201893822627,  [11, 1019, -43], [59, -387, -409]
15:08:07, 26.2, 99886, 120.83510467769617,  [13, 1021, -37], [55, -383, -410]
15:08:08, 26.2, 99876, 120.91933221860171,  [13, 1021, -37], [54, -382, -408]
15:08:08, 26.2, 99886, 120.83510467769617,  [13, 1021, -32], [57, -382, -410]
15:08:08, 26.2, 99879, 120.83510467769617,  [11, 1019, -42], [58, -384, -410]
15:08:08, 26.2, 99892, 120.32975377058193,  [14, 1018, -39], [58, -384, -410]
15:08:08, 26.2, 99881, 120.83510467769617,  [11, 1019, -43], [57, -380, -407]
15:08:09, 26.2, 99879, 120.6666516442677,  [11, 1021, -43], [59, -385, -411]
15:08:09, 26.2, 99886, 120.91933221860171,  [15, 1021, -36], [53, -384, -407]
15:08:09, 26.2, 99882, 121.08778934885446,  [12, 1019, -40], [55, -382, -411]
15:08:09, 26.2, 99882, 120.58242615172017,  [11, 1018, -39], [58, -383, -408]
15:08:09, 26.2, 99872, 121.08778934885446,  [15, 1019, -42], [55, -385, -408]
15:08:10, 26.2, 99879, 121.08778934885446,  [13, 1017, -39], [56, -384, -408]
15:08:10, 26.2, 99882, 121.08778934885446,  [34, 999, -6], [53, -384, -410]
15:08:10, 26.2, 99881, 120.83510467769617,  [-5, 1018, -14], [57, -386, -408]
15:08:10, 26.2, 99881, 121.08778934885446,  [7, 1019, -22], [53, -390, -406]
15:08:10, 26.2, 99883, 121.34048016552478,  [24, 1022, -35], [61, -386, -411]
15:08:11, 26.2, 99885, 120.83510467769617,  [27, 1023, -24], [65, -388, -414]
15:08:11, 26.2, 99879, 120.4982013419291,  [42, 1021, -31], [66, -385, -415]
15:08:11, 26.2, 99882, 120.7508778195914,  [43, 1022, -32], [70, -386, -415]
15:08:11, 26.2, 99883, 120.4982013419291,  [31, 1017, -16], [71, -384, -413]
15:08:11, 26.2, 99889, 120.58242615172017,  [33, 1016, -36], [70, -387, -413]
15:08:12, 26.2, 99882, 120.83510467769617,  [23, 1019, -32], [70, -382, -415]
15:08:12, 26.2, 99883, 120.32975377058193,  [36, 1021, -31], [72, -387, -414]
15:08:12, 26.2, 99885, 121.34048016552478,  [35, 1018, -30], [73, -382, -414]
15:08:12, 26.2, 99885, 120.4982013419291,  [25, 1019, -39], [77, -386, -416]
15:08:12, 26.2, 99885, 121.17201893822627,  [-8, 1039, -62], [65, -382, -409]
15:08:13, 26.2, 99876, 120.4982013419291,  [3, 1023, -70], [64, -380, -413]
15:08:13, 26.2, 99882, 120.91933221860171,  [20, 1018, -47], [64, -385, -411]
15:08:13, 26.2, 99885, 121.17201893822627,  [12, 1019, -41], [62, -384, -413]
15:08:13, 26.2, 99876, 120.7508778195914,  [24, 1016, -32], [68, -386, -414]
15:08:13, 26.2, 99873, 120.7508778195914,  [28, 1018, -37], [68, -386, -409]
15:08:14, 26.2, 99875, 120.91933221860171,  [26, 1019, -32], [69, -383, -412]
15:08:14, 26.2, 99885, 121.42471180347607,  [32, 1021, -30], [72, -384, -413]
15:08:14, 26.2, 99873, 121.84588023673528,  [30, 1019, -28], [68, -381, -411]
15:08:14, 26.2, 99875, 121.34048016552478,  [28, 1020, -31], [68, -383, -416]
15:08:14, 26.2, 99866, 122.43554472738653,  [29, 1019, -34], [68, -385, -411]
15:08:15, 26.2, 99872, 121.34048016552478,  [29, 1019, -35], [66, -382, -415]
15:08:15, 26.2, 99873, 122.09858949194972,  [26, 1021, -32], [66, -384, -415]
15:08:15, 26.2, 99872, 121.67741081468085,  [28, 1021, -28], [67, -384, -411]
15:08:15, 26.2, 99867, 121.84588023673528,  [25, 1022, -31], [68, -384, -413]
15:08:15, 26.2, 99876, 122.18282727629895,  [29, 1021, -33], [69, -383, -413]
15:08:16, 26.3, 99869, 121.67741081468085,  [27, 1019, -36], [68, -387, -414]
15:08:16, 26.3, 99869, 122.18282727629895,  [26, 1019, -29], [68, -383, -412]
15:08:16, 26.3, 99867, 121.42471180347607,  [27, 1020, -25], [67, -383, -410]
15:08:16, 26.3, 99872, 121.84588023673528,  [27, 1023, -25], [67, -389, -411]
15:08:16, 26.3, 99866, 121.9301159721802,  [25, 1024, -30], [66, -386, -410]
15:08:17, 26.3, 99863, 122.18282727629895,  [32, 1020, -27], [69, -385, -415]
15:08:17, 26.3, 99857, 122.09858949194972,  [27, 1022, -31], [69, -385, -413]
15:08:17, 26.3, 99878, 121.17201893822627,  [23, 1020, -30], [67, -384, -410]
15:08:17, 26.3, 99869, 122.43554472738653,  [25, 1019, -28], [65, -385, -410]
15:08:17, 26.3, 99864, 122.43554472738653,  [28, 1020, -30], [67, -386, -411]
15:08:18, 26.3, 99876, 121.9301159721802,  [23, 1018, -31], [69, -387, -409]
15:08:18, 26.3, 99872, 121.84588023673528,  [26, 1021, -30], [70, -384, -412]
15:08:18, 26.4, 99876, 122.43554472738653,  [28, 1019, -30], [67, -386, -411]
15:08:18, 26.4, 99872, 121.42471180347607,  [26, 1017, -30], [69, -385, -413]
15:08:18, 26.4, 99873, 122.09858949194972,  [27, 1019, -29], [68, -383, -414]
15:08:19, 26.4, 99869, 121.67741081468085,  [25, 1023, -27], [67, -381, -413]
15:08:19, 26.4, 99873, 121.84588023673528,  [31, 1023, -31], [70, -386, -413]
15:08:19, 26.4, 99875, 121.84588023673528,  [28, 1022, -28], [69, -384, -410]
15:08:19, 26.4, 99873, 121.84588023673528,  [24, 1020, -29], [68, -380, -411]
15:08:19, 26.4, 99876, 121.84588023673528,  [23, 1018, -28], [72, -382, -412]
15:08:20, 26.5, 99873, 120.83510467769617,  [24, 1018, -27], [67, -379, -413]
15:08:20, 26.5, 99873, 122.18282727629895,  [27, 1021, -29], [68, -380, -410]
15:08:20, 26.5, 99878, 121.42471180347607,  [23, 1022, -28], [68, -382, -412]
15:08:20, 26.5, 99873, 121.5931771280418,  [26, 1017, -26], [67, -383, -410]
15:08:20, 26.5, 99873, 121.17201893822627,  [31, 1020, -25], [70, -381, -411]
15:08:21, 26.5, 99881, 121.5931771280418,  [28, 1022, -23], [69, -385, -413]
15:08:21, 26.5, 99873, 121.17201893822627,  [28, 1018, -28], [72, -387, -410]
15:08:21, 26.5, 99878, 121.34048016552478,  [26, 1022, -26], [68, -383, -413]
15:08:21, 26.5, 99879, 120.91933221860171,  [28, 1021, -27], [67, -383, -414]
15:08:21, 26.5, 99876, 121.5931771280418,  [29, 1021, -28], [69, -383, -413]
15:08:22, 26.5, 99875, 121.34048016552478,  [29, 1018, -29], [68, -385, -412]
15:08:22, 26.5, 99875, 121.34048016552478,  [27, 1019, -23], [66, -382, -409]
15:08:22, 26.5, 99876, 121.84588023673528,  [28, 1019, -23], [69, -385, -411]
15:08:22, 26.5, 99881, 121.17201893822627,  [29, 1018, -29], [71, -383, -408]
15:08:22, 26.5, 99875, 121.84588023673528,  [28, 1021, -33], [65, -382, -409]
15:08:23, 26.5, 99840, 121.34048016552478,  [29, 1019, -28], [69, -385, -409]
15:08:23, 26.5, 99875, 121.34048016552478,  [31, 1022, -28], [69, -384, -411]
15:08:23, 26.5, 99873, 121.17201893822627,  [24, 1016, -31], [66, -386, -410]
15:08:23, 26.5, 99876, 121.34048016552478,  [26, 1015, -27], [67, -386, -412]
15:08:23, 26.5, 99878, 121.42471180347607,  [24, 1018, -27], [67, -383, -409]
15:08:24, 26.5, 99875, 121.17201893822627,  [29, 1017, -29], [66, -382, -412]
15:08:24, 26.5, 99878, 121.34048016552478,  [31, 1020, -25], [67, -383, -410]
15:08:24, 26.5, 99876, 121.42471180347607,  [29, 1021, -24], [68, -382, -410]
15:08:24, 26.5, 99875, 121.17201893822627,  [29, 1022, -29], [69, -382, -411]
15:08:24, 26.6, 99878, 120.91933221860171,  [25, 1020, -27], [69, -384, -409]
15:08:25, 26.6, 99881, 121.84588023673528,  [30, 1020, -25], [69, -385, -411]
15:08:25, 26.5, 99878, 121.17201893822627,  [29, 1022, -30], [69, -386, -412]
15:08:25, 26.5, 99875, 121.42471180347607,  [30, 1022, -29], [71, -381, -413]
15:08:25, 26.5, 99879, 120.4982013419291,  [33, 1020, -23], [70, -382, -415]
15:08:25, 26.5, 99879, 121.42471180347607,  [28, 1020, -30], [71, -382, -410]
15:08:26, 26.5, 99875, 121.42471180347607,  [30, 1020, -30], [71, -384, -412]
15:08:26, 26.5, 99881, 121.5931771280418,  [32, 1019, -25], [69, -380, -412]
15:08:26, 26.5, 99875, 121.42471180347607,  [30, 1022, -31], [72, -383, -415]
15:08:26, 26.5, 99878, 120.4982013419291,  [35, 1019, -28], [69, -385, -411]
15:08:26, 26.5, 99878, 120.83510467769617,  [31, 1021, -25], [70, -380, -412]
15:08:27, 26.5, 99876, 121.42471180347607,  [28, 1016, -31], [67, -383, -412]
15:08:27, 26.5, 99875, 121.34048016552478,  [31, 1016, -30], [72, -382, -412]
15:08:27, 26.5, 99873, 121.08778934885446,  [35, 1018, -28], [69, -386, -414]
15:08:27, 26.5, 99881, 121.08778934885446,  [32, 1014, -33], [67, -381, -412]
15:08:27, 26.6, 99878, 121.08778934885446,  [32, 1017, -28], [67, -383, -413]
15:08:28, 26.6, 99882, 120.91933221860171,  [30, 1021, -27], [69, -382, -412]
15:08:28, 26.6, 99882, 121.17201893822627,  [26, 1020, -31], [70, -382, -411]
15:08:28, 26.5, 99873, 121.08778934885446,  [30, 1021, -31], [66, -384, -410]
15:08:28, 26.5, 99882, 122.77251089134649,  [31, 1021, -27], [71, -384, -408]
15:08:28, 26.6, 99879, 120.7508778195914,  [29, 1022, -28], [67, -384, -410]
15:08:29, 26.6, 99876, 121.08778934885446,  [32, 1018, -32], [69, -384, -411]
15:08:29, 26.6, 99878, 121.08778934885446,  [29, 1019, -29], [67, -381, -410]
15:08:29, 26.6, 99873, 121.34048016552478,  [28, 1019, -27], [68, -382, -411]
15:08:29, 26.6, 99873, 121.42471180347607,  [33, 1022, -26], [66, -383, -412]
15:08:29, 26.6, 99876, 120.83510467769617,  [26, 1023, -23], [67, -383, -412]
15:08:30, 26.6, 99878, 121.5931771280418,  [30, 1018, -29], [69, -381, -412]
15:08:30, 26.6, 99879, 121.67741081468085,  [31, 1016, -26], [70, -382, -411]
15:08:30, 26.6, 99880, 121.84588023673528,  [28, 1018, -26], [70, -384, -414]
15:08:30, 26.6, 99878, 121.34048016552478,  [31, 1017, -28], [71, -382, -412]
15:08:30, 26.6, 99875, 121.67741081468085,  [35, 1018, -27], [70, -382, -411]
15:08:31, 26.6, 99875, 121.67741081468085,  [26, 1020, -30], [69, -382, -411]
15:08:31, 26.6, 99872, 121.08778934885446,  [28, 1021, -26], [68, -380, -412]
15:08:31, 26.6, 99875, 121.5931771280418,  [30, 1021, -25], [69, -381, -411]
15:08:31, 26.6, 99867, 121.34048016552478,  [31, 1021, -27], [72, -381, -411]
15:08:31, 26.6, 99883, 121.17201893822627,  [32, 1019, -26], [71, -377, -408]
15:08:32, 26.7, 99888, 121.34048016552478,  [31, 1019, -27], [69, -379, -411]
15:08:32, 26.7, 99880, 121.17201893822627,  [30, 1020, -31], [71, -380, -413]
15:08:32, 26.7, 99872, 121.5931771280418,  [35, 1022, -24], [72, -383, -413]
15:08:32, 26.7, 99870, 121.34048016552478,  [33, 1019, -32], [68, -382, -412]
15:08:32, 26.7, 99875, 121.17201893822627,  [31, 1016, -29], [69, -384, -413]
15:08:33, 26.7, 99870, 121.84588023673528,  [-91, 986, -846], [84, -381, -416]
15:08:33, 26.7, 99859, 123.78347496228908,  [-45, 1550, -141], [65, -378, -385]
15:08:33, 26.8, 99727, 134.5732177610597,  [60, 1918, -409], [336, -157, -432]
15:08:33, 26.6, 99600, 145.96518238733148,  [415, 2010, -300], [412, -127, -164]
15:08:33, 26.6, 99481, 167.60210590898228,  [292, 2033, -285], [46, -138, 236]
15:08:34, 22.9, 97983, 170.90231828587,  [397, 2039, -447], [-275, -224, -491]
15:08:34, 26.3, 99166, 185.3001305079137,  [681, 2040, -544], [395, -46, 14]
15:08:34, 26.3, 98830, 316.9041622306765,  [753, 2040, -613], [-381, -193, -394]
15:08:34, 26.1, 98727, 218.83123324585765,  [709, 2003, -1010], [110, -63, 261]
15:08:34, 25.7, 98513, 232.18895969935284,  [899, 1874, -1044], [402, -77, -393]
15:08:35, 23.5, 100684, 224.35941422053705,  [1066, -695, -1041], [-295, -159, -537]
15:08:35, 25.0, 98799, 231.84842166137705,  [1065, -1060, -712], [-302, -63, 212]
15:08:35, 25.2, 98847, 208.1234552615698,  [703, -937, -355], [391, -29, -453]
15:08:35, 24.1, 98974, 232.1038241408331,  [457, -783, -539], [-431, -48, 98]
15:08:35, 25.0, 98931, 200.90619496504237,  [379, -668, -511], [382, 9, -486]
15:08:36, 24.9, 98710, 226.8267848509182,  [247, -564, -373], [-418, 29, 140]
15:08:36, 24.8, 98971, 196.23887798196415,  [299, -527, -247], [303, 54, -588]
15:08:36, 24.3, 98842, 218.916259859397,  [342, -459, -236], [-130, 178, 298]
15:08:36, 17.1, 96951, 240.28002872967767,  [284, -357, -230], [-409, 73, -534]
15:08:36, 24.8, 99023, 192.33691596522502,  [196, -374, -248], [388, 241, -439]
15:08:37, 24.1, 98896, 204.8113828016056,  [61, -306, -229], [9, 271, 273]
15:08:37, 23.4, 98593, 266.29941007724284,  [51, -229, -196], [-491, 304, -266]
15:08:37, 24.9, 99102, 189.62337302973458,  [19, -231, -170], [49, 360, -616]
15:08:37, 24.8, 99078, 187.5886815362402,  [-10, -243, -130], [318, 434, -226]
15:08:37, 24.2, 98915, 200.991074718214,  [3, -245, -78], [20, 492, 85]
15:08:38, 23.6, 98698, 225.72064952259245,  [45, -284, -88], [-332, 480, -98]
15:08:38, 25.0, 99156, 181.23284139767495,  [-8, -287, -124], [-185, 495, -442]
15:08:38, 24.6, 99100, 184.87638015647585,  [-68, -316, -131], [114, 517, -391]
15:08:38, 24.6, 99123, 198.10555274482925,  [20, -366, -130], [93, 547, -102]
15:08:38, 24.0, 98987, 192.59134701194634,  [98, -360, -78], [-152, 557, -102]
15:08:39, 24.8, 99243, 174.2882420083111,  [138, -369, -126], [-204, 541, -310]
15:08:39, 24.5, 99201, 167.51749887608787,  [127, -380, -142], [-20, 577, -312]
15:08:39, 24.3, 99226, 176.23564850835615,  [-577, -1092, -237], [-42, 594, -118]
15:08:39, 25.2, 99565, 149.5118994434431,  [-1670, 126, -964], [492, 230, -107]
15:08:39, 25.3, 99599, 144.4455315556162,  [-561, 750, 359], [438, -148, -475]
15:08:40, 23.9, 99253, 174.2035804499797,  [570, 968, -637], [-631, 176, -161]
15:08:40, 25.1, 99591, 146.13404620840652,  [936, 312, -275], [-345, -335, -464]
15:08:40, 25.2, 99581, 144.27669519003697,  [-185, 872, 454], [16, -80, -738]
15:08:40, 25.2, 99629, 138.9597542529096,  [-339, 599, 451], [406, -86, -267]
15:08:40, 25.4, 99697, 136.59754286006952,  [-1119, 516, -521], [251, -171, -31]
15:08:41, 25.4, 99702, 136.9349687384863,  [-32, 821, -56], [-1, -53, -551]
15:08:41, 24.9, 99638, 138.70663447497438,  [210, 840, 196], [-283, 81, -543]
15:08:41, 25.5, 99772, 131.3688430024758,  [-751, 757, 53], [561, 78, -240]
15:08:41, 25.3, 99753, 132.29632351382696,  [-800, 1136, -175], [114, -458, -499]
15:08:41, 25.3, 99760, 130.61005690331794,  [-134, 1020, 132], [-20, -354, -688]
15:08:42, 25.3, 99773, 129.26124067935606,  [-237, 756, 306], [395, -130, 204]
15:08:42, 25.2, 99750, 126.98551035817876,  [-571, 935, -125], [464, 63, 73]
15:08:42, 25.2, 99781, 129.5141303811025,  [-531, 770, -67], [18, -305, -580]
15:08:42, 25.2, 99823, 125.88996612915054,  [-617, 742, 466], [372, -201, -420]
15:08:42, 25.3, 99837, 123.10948798462198,  [-390, 738, 479], [425, -20, -462]
15:08:43, 25.3, 99872, 119.57177349290623,  [-472, 742, 511], [421, -43, -448]
15:08:43, 25.2, 99906, 118.8138485068011,  [-796, 812, 137], [248, -266, -473]
15:08:43, 25.2, 99882, 120.07708753395664,  [-386, 939, 616], [384, -226, -258]
15:08:43, 25.2, 99913, 117.38236324732802,  [-790, 873, 206], [406, 72, -501]
15:08:43, 25.1, 99892, 120.32975377058193,  [-124, 959, 465], [-14, -71, -702]
15:08:44, 25.3, 99982, 112.58411598100055,  [-801, 885, 279], [255, -339, -282]
15:08:44, 25.2, 99943, 114.68833762635721,  [-642, 937, 43], [171, -227, -557]
15:08:44, 25.4, 100017, 109.47064966943965,  [-214, 804, 365], [450, 86, -341]
