14:22:34, 22.2, 100507, 68.57737430403762
14:22:35, 22.2, 100516, 67.57176436898615
14:22:37, 22.2, 100513, 67.99075669447048
14:22:38, 22.2, 100511, 67.99075669447048
14:22:39, 22.2, 100522, 67.82315773910842
14:22:40, 22.2, 100522, 66.23110232390951
14:22:41, 22.2, 100506, 68.66117952026941
14:22:43, 22.2, 100514, 67.73935927402337
14:23:53, 22.2, 100508, 67.82315773910842
14:23:54, 22.2, 100524, 67.06899585404675
14:23:55, 22.2, 100524, 67.32037707407058
14:23:56, 22.2, 100516, 67.82315773910842
14:23:57, 22.2, 100523, 66.73383034326359
14:23:58, 22.2, 100519, 66.90141174880281
14:24:00, 22.2, 100523, 67.06899585404675
14:24:01, 22.2, 100522, 66.73383034326359
14:24:03, 22.2, 100522, 67.06899585404675
14:24:04, 22.2, 100513, 68.32596270630687
14:24:06, 22.2, 100522, 67.48796792900445
14:24:08, 22.2, 100520, 67.32037707407058
14:24:11, 22.2, 100520, 67.06899585404675
14:24:13, 22.2, 100514, 66.90141174880281
14:24:14, 22.2, 100524, 66.73383034326359
14:24:16, 22.2, 100510, 67.57176436898615
14:24:17, 22.2, 100519, 66.98520346395676
14:24:18, 22.2, 100522, 67.06899585404675
14:24:19, 22.2, 100519, 67.32037707407058
14:24:21, 22.2, 100519, 68.32596270630687
14:24:25, 22.2, 100516, 67.48796792900445
14:24:29, 22.2, 100517, 67.2365826590938
14:24:31, 22.2, 100519, 68.07455718477209
14:24:32, 22.2, 100522, 67.2365826590938
14:24:36, 22.2, 100516, 66.90141174880281
14:24:37, 22.2, 100516, 67.57176436898615
14:24:38, 22.2, 100520, 66.48246329668945
14:24:39, 22.2, 100519, 67.73935927402337
14:24:41, 22.2, 100519, 68.32596270630687
