14:44:54, 21.3, 101017, 26.174813517292808,  [33, 346, 1003], [-4096, -4096, -4096
14:44:55, 21.3, 101023, 24.589115932107294,  [31, 344, 994], [-4096, -4096, -4096
14:44:56, 21.3, 101024, 24.839473181210643,  [27, 342, 998], [-4096, -4096, -4096
14:44:57, 21.3, 101013, 25.173292210738833,  [39, 339, 1005], [-4096, -4096, -4096
14:44:58, 21.3, 101023, 25.674040822426768,  [35, 342, 994], [-4096, -4096, -4096
14:45:00, 21.3, 101024, 26.007886609604626,  [38, 349, 1005], [-4096, -4096, -4096
14:45:01, 21.3, 101023, 26.508675361364766,  [29, 343, 1006], [-4096, -4096, -4096
14:45:02, 21.3, 101023, 24.92292693527766,  [50, 342, 1016], [-4096, -4096, -4096
14:45:03, 21.3, 101029, 25.256748640350327,  [35, 345, 1001], [-4096, -4096, -4096
14:45:04, 21.4, 101010, 25.173292210738833,  [34, 342, 1008], [-4096, -4096, -4096
14:45:05, 21.4, 101020, 25.507121942750075,  [38, 346, 1010], [-4096, -4096, -4096
14:45:06, 21.4, 101007, 26.341743101184967,  [48, 345, 1001], [-4096, -4096, -4096
14:45:07, 21.4, 101022, 24.92292693527766,  [46, 340, 999], [-4096, -4096, -4096
14:45:09, 21.4, 101013, 26.007886609604626,  [38, 348, 1014], [-4096, -4096, -4096
14:45:10, 21.3, 101020, 25.507121942750075,  [40, 345, 1003], [-4096, -4096, -4096
14:45:11, 21.4, 101019, 25.507121942750075,  [41, 344, 1000], [-4096, -4096, -4096
14:45:12, 21.4, 101016, 26.592142495093295,  [36, 342, 995], [-4096, -4096, -4096
14:45:13, 21.4, 101019, 26.258277974709085,  [39, 346, 1007], [-4096, -4096, -4096
14:45:14, 21.4, 101019, 25.256748640350327,  [27, 350, 1006], [-4096, -4096, -4096
14:45:15, 21.4, 101010, 26.007886609604626,  [37, 341, 1007], [-4096, -4096, -4096
14:45:16, 21.4, 101026, 25.173292210738833,  [25, 346, 995], [-4096, -4096, -4096
14:45:17, 21.4, 101017, 25.507121942750075,  [45, 342, 1007], [-4096, -4096, -4096
14:45:18, 21.4, 101022, 25.757501265726564,  [41, 346, 1019], [-4096, -4096, -4096
14:45:20, 21.4, 101022, 26.007886609604626,  [42, 340, 998], [-4096, -4096, -4096
14:45:21, 21.4, 101025, 25.00638135821234,  [38, 347, 1009], [-4096, -4096, -4096
14:45:22, 21.4, 101020, 25.92442415930319,  [383, 208, 892], [-4096, -4096, -4096
14:45:23, 21.4, 101006, 26.592142495093295,  [13, -165, 1026], [-4096, -4096, -4096
14:45:24, 21.4, 101011, 26.174813517292808,  [-58, -192, 1104], [-4096, -4096, -4096
14:45:25, 21.4, 101003, 27.00948820061927,  [-3, -230, 979], [-4096, -4096, -4096
14:45:26, 21.4, 101019, 27.343376810008778,  [6, -27, 935], [-4096, -4096, -4096
14:45:27, 21.4, 101014, 26.258277974709085,  [-487, -175, 787], [-4096, -4096, -4096
14:45:28, 21.4, 101017, 25.674040822426768,  [-735, -6, 783], [-4096, -4096, -4096
14:45:29, 21.4, 101017, 25.256748640350327,  [12, 381, 951], [-4096, -4096, -4096
14:45:30, 21.4, 101014, 25.507121942750075,  [163, 352, 913], [-4096, -4096, -4096
14:45:31, 21.4, 101016, 25.674040822426768,  [186, 385, 959], [-4096, -4096, -4096
14:45:33, 21.4, 101014, 25.256748640350327,  [187, 416, 960], [-4096, -4096, -4096
14:45:34, 21.4, 101016, 26.258277974709085,  [166, 376, 953], [-4096, -4096, -4096
14:45:35, 21.4, 101009, 26.508675361364766,  [141, 367, 993], [-4096, -4096, -4096
14:45:36, 21.4, 101000, 26.592142495093295,  [153, 427, 962], [-4096, -4096, -4096
14:45:37, 21.4, 101020, 25.507121942750075,  [198, 222, 952], [-4096, -4096, -4096
14:45:38, 21.4, 101022, 25.256748640350327,  [-228, 297, 917], [-4096, -4096, -4096
14:45:39, 21.5, 101025, 24.756020096001443,  [-185, 743, 897], [-4096, -4096, -4096
14:45:41, 21.5, 101025, 24.756020096001443,  [47, 672, 855], [-4096, -4096, -4096
14:45:42, 21.5, 101028, 25.00638135821234,  [110, 607, 825], [-4096, -4096, -4096
14:45:43, 21.5, 101020, 25.256748640350327,  [55, 609, 897], [-4096, -4096, -4096
14:45:44, 21.5, 101020, 25.256748640350327,  [32, 736, 756], [-4096, -4096, -4096
14:45:45, 21.5, 101023, 25.173292210738833,  [66, 682, 779], [-4096, -4096, -4096
14:45:46, 21.5, 101007, 26.508675361364766,  [-31, 680, 888], [-4096, -4096, -4096
14:45:47, 21.5, 101021, 26.92601772122359,  [-70, 764, 708], [-4096, -4096, -4096
14:45:48, 21.5, 101025, 25.340205738883625,  [13, 802, 671], [-4096, -4096, -4096
14:45:49, 21.5, 101022, 25.256748640350327,  [27, 786, 728], [-4096, -4096, -4096
14:45:50, 21.5, 101032, 25.340205738883625,  [11, 733, 766], [-4096, -4096, -4096
14:45:51, 21.5, 101024, 26.091349728931217,  [20, 733, 762], [-4096, -4096, -4096
14:45:53, 21.5, 101024, 25.256748640350327,  [11, 722, 779], [-4096, -4096, -4096
14:45:54, 21.6, 101021, 25.089836450029452,  [23, 709, 765], [-4096, -4096, -4096
14:45:55, 21.6, 101019, 26.091349728931217,  [-119, 558, 825], [-4096, -4096, -4096
14:45:56, 21.6, 101009, 24.839473181210643,  [-151, 653, 805], [-4096, -4096, -4096
14:45:57, 21.6, 101021, 24.839473181210643,  [-29, 620, 839], [-4096, -4096, -4096
14:45:58, 21.6, 101015, 25.256748640350327,  [74, 649, 950], [-4096, -4096, -4096
14:45:59, 21.6, 101013, 26.091349728931217,  [377, 292, 917], [-4096, -4096, -4096
14:46:01, 21.6, 101011, 25.507121942750075,  [252, 400, 982], [-4096, -4096, -4096
14:46:02, 21.6, 101014, 25.92442415930319,  [262, 294, 943], [-4096, -4096, -4096
14:46:04, 21.7, 101014, 25.340205738883625,  [249, 458, 900], [-4096, -4096, -4096
14:46:05, 21.7, 101001, 26.592142495093295,  [144, 400, 959], [-4096, -4096, -4096
14:46:06, 21.7, 101011, 25.840962378012144,  [128, 341, 978], [-4096, -4096, -4096
14:46:09, 21.8, 101008, 26.007886609604626,  [205, 368, 983], [-4096, -4096, -4096
14:46:10, 21.9, 101002, 26.92601772122359,  [167, 339, 969], [-4096, -4096, -4096
14:46:11, 21.9, 101008, 25.757501265726564,  [147, 401, 830], [-4096, -4096, -4096
14:46:12, 21.9, 101019, 25.256748640350327,  [106, 567, 1021], [-4096, -4096, -4096
14:46:14, 22.0, 101022, 25.173292210738833,  [-306, 629, 1008], [-4096, -4096, -4096
14:46:16, 22.0, 101023, 24.756020096001443,  [1084, 549, 892], [-4096, -4096, -4096
14:46:18, 22.0, 101026, 26.508675361364766,  [32, 559, 877], [-4096, -4096, -4096
14:46:19, 22.0, 101015, 25.674040822426768,  [39, 572, 893], [-4096, -4096, -4096
14:46:20, 22.1, 101023, 25.423663506343644,  [125, 876, 809], [-4096, -4096, -4096
14:46:21, 22.0, 101017, 25.00638135821234,  [35, 575, 866], [-4096, -4096, -4096
14:46:23, 22.0, 101017, 25.507121942750075,  [21, 531, 918], [-4096, -4096, -4096
14:46:24, 22.0, 101022, 25.507121942750075,  [70, 586, 940], [-4096, -4096, -4096
14:46:26, 22.0, 101013, 25.423663506343644,  [34, 563, 903], [-4096, -4096, -4096
14:46:27, 22.0, 101017, 25.507121942750075,  [37, 541, 895], [-4096, -4096, -4096
14:46:28, 22.0, 101025, 24.92292693527766,  [24, 545, 905], [-4096, -4096, -4096
14:46:29, 21.9, 101020, 26.007886609604626,  [30, 548, 915], [-4096, -4096, -4096
14:46:31, 21.9, 101030, 25.089836450029452,  [28, 542, 907], [-4096, -4096, -4096
14:46:32, 21.9, 101011, 26.508675361364766,  [32, 541, 912], [-4096, -4096, -4096
14:46:33, 21.9, 101011, 25.757501265726564,  [28, 551, 914], [-4096, -4096, -4096
14:46:34, 21.9, 101020, 24.92292693527766,  [26, 543, 912], [-4096, -4096, -4096
14:46:35, 21.9, 101024, 25.507121942750075,  [32, 546, 913], [-4096, -4096, -4096
14:46:36, 21.9, 101030, 25.173292210738833,  [35, 542, 910], [-4096, -4096, -4096
14:46:37, 21.9, 101024, 25.757501265726564,  [31, 540, 911], [-4096, -4096, -4096
14:46:38, 21.9, 101023, 25.423663506343644,  [29, 548, 906], [-4096, -4096, -4096
14:46:40, 21.9, 101013, 26.4252088967303,  [30, 549, 913], [-4096, -4096, -4096
14:46:41, 21.8, 101013, 26.174813517292808,  [34, 538, 911], [-4096, -4096, -4096
14:46:42, 21.8, 101023, 25.089836450029452,  [34, 540, 914], [-4096, -4096, -4096
14:46:43, 21.8, 101023, 25.423663506343644,  [32, 536, 916], [-4096, -4096, -4096
14:46:44, 21.8, 101027, 25.173292210738833,  [31, 547, 921], [-4096, -4096, -4096
14:46:45, 21.8, 101024, 24.92292693527766,  [30, 537, 910], [-4096, -4096, -4096
14:46:46, 21.8, 101024, 25.423663506343644,  [30, 540, 910], [-4096, -4096, -4096
14:46:47, 21.8, 101018, 25.340205738883625,  [30, 541, 917], [-4096, -4096, -4096
