16:27:07, 16.6, 100112, 101.48088374153129,  [52, 1022, 54], [88, -446, -501]
16:27:08, 16.6, 100108, 101.73309824913922,  [65, 1038, 58], [71, -446, -514]
16:27:09, 16.6, 100101, 102.06939377931283,  [88, 1029, 95], [-1, -439, -547]
16:27:10, 16.6, 100105, 101.90124465417854,  [100, 1056, 59], [-3, -439, -545]
16:27:11, 16.6, 100109, 101.73309824913922,  [81, 1038, 36], [6, -439, -547]
16:27:12, 16.6, 100109, 102.99426259357207,  [113, 1042, 60], [-6, -440, -547]
16:27:13, 16.6, 100105, 102.32162256739598,  [84, 1037, 55], [-3, -440, -546]
16:27:14, 16.6, 100111, 101.48088374153129,  [85, 1041, 52], [-5, -442, -548]
16:42:52, 16.6, 100107, 102.06939377931283,  [88, 1044, 58], [-1, -440, -549]
16:42:53, 16.6, 100112, 102.06939377931283,  [92, 1038, 54], [-4, -440, -547]
16:42:54, 16.6, 100108, 102.06939377931283,  [93, 1038, 57], [-3, -439, -548]
16:42:55, 16.6, 100111, 101.73309824913922,  [89, 1042, 55], [-4, -442, -548]
16:42:56, 16.6, 100107, 101.48088374153129,  [91, 1040, 54], [-2, -441, -548]
16:42:57, 16.5, 100109, 101.31274413628891,  [95, 1040, 53], [-3, -440, -546]
16:42:58, 16.5, 100111, 101.56495456408659,  [90, 1037, 50], [-4, -440, -546]
16:42:59, 16.5, 100108, 101.22867535357722,  [89, 1038, 53], [-4, -439, -548]
16:43:00, 16.5, 100101, 101.8171711116513,  [91, 1039, 59], [-4, -442, -547]
16:43:01, 16.5, 100104, 101.90124465417854,  [89, 1039, 54], [-3, -438, -552]
16:43:02, 16.5, 100108, 102.4057001902453,  [87, 1040, 53], [-4, -440, -548]
16:43:04, 16.6, 100112, 101.31274413628891,  [93, 1039, 52], [-5, -440, -550]
16:43:05, 16.6, 100112, 102.1534693619445,  [93, 1038, 53], [-1, -439, -547]
16:43:06, 16.6, 100107, 101.8171711116513,  [89, 1042, 50], [-3, -438, -549]
16:43:07, 16.6, 100108, 101.31274413628891,  [91, 1038, 53], [-5, -439, -549]
16:43:08, 16.6, 100107, 101.8171711116513,  [90, 1040, 51], [-3, -438, -550]
16:43:09, 16.6, 100104, 102.4057001902453,  [91, 1039, 51], [-7, -440, -552]
16:43:10, 16.6, 100111, 102.06939377931283,  [90, 1038, 54], [-6, -441, -549]
16:43:11, 16.5, 100104, 101.56495456408659,  [90, 1037, 48], [-6, -441, -551]
16:43:12, 16.5, 100105, 101.56495456408659,  [95, 1038, 53], [-4, -441, -552]
16:43:13, 16.5, 100107, 101.48088374153129,  [90, 1036, 51], [-6, -441, -550]
16:43:14, 16.5, 100108, 101.90124465417854,  [90, 1041, 52], [-5, -439, -554]
16:43:15, 16.5, 100109, 101.8171711116513,  [90, 1043, 55], [-5, -442, -550]
16:43:16, 16.5, 100104, 101.48088374153129,  [94, 1036, 55], [-3, -441, -551]
16:43:17, 16.4, 100108, 101.90124465417854,  [90, 1040, 60], [-7, -439, -549]
16:43:18, 16.4, 100109, 101.90124465417854,  [89, 1044, 58], [-4, -438, -551]
16:43:19, 16.4, 100101, 101.73309824913922,  [91, 1042, 59], [-8, -439, -551]
16:43:20, 16.4, 100104, 101.56495456408659,  [89, 1041, 55], [-6, -439, -555]
16:43:21, 16.4, 100111, 101.48088374153129,  [88, 1041, 53], [-7, -441, -550]
16:43:22, 16.4, 100105, 101.22867535357722,  [92, 1043, 58], [-4, -438, -549]
16:43:23, 16.4, 100107, 102.06939377931283,  [95, 1045, 58], [-4, -441, -551]
16:43:24, 16.4, 100115, 101.56495456408659,  [94, 1042, 53], [-4, -441, -550]
16:43:25, 16.4, 100101, 101.90124465417854,  [94, 1038, 56], [-8, -442, -547]
16:43:26, 16.4, 100108, 102.99426259357207,  [94, 1039, 50], [-4, -442, -550]
16:43:27, 16.4, 100117, 101.73309824913922,  [92, 1041, 54], [-4, -440, -552]
16:43:28, 16.4, 100109, 102.4057001902453,  [92, 1040, 59], [-6, -439, -549]
16:43:29, 16.4, 100115, 101.31274413628891,  [93, 1038, 55], [-7, -440, -550]
16:43:30, 16.4, 100109, 101.48088374153129,  [92, 1037, 55], [-4, -440, -548]
16:43:31, 16.4, 100104, 101.48088374153129,  [90, 1038, 54], [-8, -439, -549]
16:43:32, 16.4, 100107, 101.56495456408659,  [103, 1035, 58], [-4, -437, -548]
16:43:33, 16.4, 100108, 101.56495456408659,  [88, 1045, 56], [-2, -440, -552]
16:43:34, 16.4, 100104, 101.31274413628891,  [91, 1042, 55], [-7, -441, -551]
16:43:35, 16.4, 100112, 102.06939377931283,  [98, 1040, 53], [-6, -443, -552]
16:43:36, 16.3, 100111, 101.73309824913922,  [93, 1041, 61], [-5, -437, -551]
16:43:37, 16.4, 100108, 101.48088374153129,  [93, 1043, 50], [-4, -438, -549]
16:43:38, 16.3, 100109, 101.8171711116513,  [94, 1040, 61], [-1, -439, -553]
16:43:39, 16.3, 100117, 102.06939377931283,  [98, 1041, 58], [-3, -443, -551]
16:43:40, 16.3, 100108, 101.31274413628891,  [94, 1046, 41], [-5, -439, -550]
16:43:41, 16.4, 100105, 101.90124465417854,  [92, 1046, 54], [-5, -440, -552]
16:43:42, 16.3, 100105, 101.31274413628891,  [92, 1039, 54], [-2, -438, -554]
16:43:43, 16.4, 100101, 101.73309824913922,  [89, 1042, 61], [-4, -441, -552]
16:43:44, 16.3, 100108, 101.56495456408659,  [92, 1040, 57], [-5, -438, -550]
16:43:45, 16.3, 100109, 101.56495456408659,  [96, 1042, 60], [-2, -441, -550]
16:43:46, 16.3, 100125, 101.31274413628891,  [96, 1039, 57], [-5, -439, -551]
16:43:47, 16.4, 100108, 101.22867535357722,  [90, 1047, 61], [-4, -439, -550]
16:43:48, 16.3, 100105, 101.90124465417854,  [94, 1045, 58], [-3, -438, -549]
16:43:49, 16.4, 100105, 101.90124465417854,  [97, 1042, 55], [-6, -441, -550]
16:43:50, 16.3, 100109, 101.48088374153129,  [92, 1043, 59], [-4, -438, -550]
16:43:51, 16.4, 100105, 101.31274413628891,  [94, 1040, 58], [-5, -442, -550]
16:43:52, 16.4, 100108, 101.90124465417854,  [96, 1042, 56], [-4, -438, -550]
16:43:53, 16.3, 100115, 102.06939377931283,  [93, 1044, 57], [-3, -441, -550]
16:43:54, 16.3, 100104, 101.90124465417854,  [95, 1041, 55], [-4, -438, -549]
16:43:55, 16.3, 100109, 101.73309824913922,  [91, 1042, 60], [-5, -440, -550]
16:43:56, 16.3, 100109, 102.1534693619445,  [96, 1042, 61], [-5, -442, -551]
16:43:57, 16.3, 100107, 101.48088374153129,  [91, 1038, 57], [-7, -440, -549]
16:43:58, 16.3, 100115, 101.73309824913922,  [88, 1046, 55], [-3, -438, -550]
16:43:59, 16.3, 100112, 101.73309824913922,  [93, 1043, 60], [-4, -439, -551]
16:44:00, 16.3, 100114, 101.56495456408659,  [94, 1043, 59], [-4, -442, -553]
16:44:01, 16.3, 100107, 101.48088374153129,  [94, 1044, 59], [-3, -440, -551]
16:44:02, 16.3, 100114, 101.56495456408659,  [97, 1042, 58], [-5, -441, -549]
16:44:03, 16.3, 100112, 101.22867535357722,  [92, 1044, 60], [-6, -438, -551]
16:44:04, 16.3, 100114, 101.8171711116513,  [93, 1044, 53], [-3, -439, -553]
16:44:05, 16.3, 100108, 102.06939377931283,  [93, 1046, 54], [-5, -440, -551]
16:44:06, 16.3, 100112, 101.56495456408659,  [91, 1043, 56], [-3, -441, -553]
16:44:07, 16.3, 100109, 101.22867535357722,  [95, 1043, 58], [-4, -439, -554]
16:44:08, 16.3, 100117, 101.8171711116513,  [96, 1042, 63], [-4, -444, -548]
16:44:09, 16.3, 100102, 101.90124465417854,  [99, 1045, 59], [-2, -443, -550]
16:44:10, 16.3, 100101, 102.06939377931283,  [93, 1045, 64], [-1, -440, -551]
16:44:11, 16.3, 100105, 101.8171711116513,  [93, 1047, 56], [-3, -442, -550]
16:44:12, 16.3, 100108, 101.56495456408659,  [97, 1045, 65], [-2, -442, -550]
16:44:13, 16.3, 100104, 102.06939377931283,  [92, 1043, 57], [-4, -438, -552]
16:44:14, 16.3, 100109, 102.1534693619445,  [90, 1046, 68], [-4, -439, -552]
16:44:15, 16.3, 100115, 101.22867535357722,  [97, 1046, 61], [-4, -437, -550]
16:44:16, 16.3, 100109, 101.48088374153129,  [92, 1044, 59], [-2, -437, -553]
16:44:17, 16.3, 100102, 101.48088374153129,  [94, 1045, 60], [-1, -440, -549]
16:44:18, 16.3, 100109, 102.06939377931283,  [96, 1048, 57], [-3, -435, -554]
16:44:19, 16.3, 100109, 101.48088374153129,  [97, 1050, 57], [-5, -437, -552]
16:44:20, 16.3, 100108, 101.73309824913922,  [97, 1043, 59], [-2, -441, -552]
16:44:21, 16.3, 100108, 101.22867535357722,  [92, 1046, 55], [-3, -440, -552]
16:44:22, 16.3, 100114, 101.31274413628891,  [98, 1046, 61], [-2, -443, -553]
16:44:23, 16.3, 100111, 101.90124465417854,  [98, 1047, 62], [-5, -437, -552]
16:44:24, 16.3, 100114, 101.8171711116513,  [93, 1045, 54], [-3, -441, -548]
16:44:25, 16.3, 100111, 102.57385747624033,  [99, 1046, 65], [-3, -439, -552]
16:44:26, 16.3, 100109, 101.73309824913922,  [93, 1046, 53], [-6, -439, -552]
16:44:27, 16.3, 100111, 101.73309824913922,  [94, 1046, 56], [-2, -440, -551]
16:44:28, 16.3, 100109, 101.90124465417854,  [97, 1045, 56], [-5, -444, -552]
16:44:29, 16.3, 100105, 101.56495456408659,  [98, 1049, 63], [-4, -442, -553]
16:44:30, 16.3, 100115, 101.56495456408659,  [97, 1051, 62], [-6, -439, -553]
16:44:31, 16.3, 100109, 101.31274413628891,  [96, 1046, 58], [-3, -441, -551]
16:44:32, 16.3, 100115, 101.48088374153129,  [91, 1043, 64], [-6, -442, -551]
16:44:33, 16.3, 100115, 101.8171711116513,  [92, 1046, 59], [-2, -440, -552]
16:44:34, 16.3, 100105, 101.48088374153129,  [103, 1047, 69], [-3, -441, -551]
16:44:35, 16.3, 100115, 101.48088374153129,  [104, 1040, 53], [-3, -441, -550]
16:44:36, 16.3, 100112, 101.73309824913922,  [93, 1044, 60], [-6, -440, -552]
16:44:37, 16.3, 100115, 101.56495456408659,  [97, 1045, 63], [-3, -440, -552]
16:44:38, 16.3, 100104, 101.31274413628891,  [97, 1047, 63], [-4, -441, -552]
16:44:39, 16.2, 100111, 101.22867535357722,  [96, 1046, 62], [-1, -440, -556]
16:44:40, 16.3, 100106, 100.72427693530177,  [95, 1043, 61], [-4, -440, -550]
16:44:41, 16.3, 100108, 101.8171711116513,  [95, 1044, 62], [-4, -438, -553]
16:44:42, 16.3, 100119, 101.8171711116513,  [99, 1044, 65], [-3, -441, -552]
16:44:43, 16.2, 100114, 101.48088374153129,  [96, 1044, 61], [-4, -441, -550]
16:44:44, 16.2, 100114, 100.97647308494724,  [98, 1053, 62], [-3, -438, -551]
16:44:45, 16.2, 100108, 101.31274413628891,  [97, 1047, 59], [-1, -440, -552]
16:44:46, 16.2, 100109, 101.31274413628891,  [98, 1046, 65], [-2, -440, -551]
16:44:47, 16.2, 100105, 100.97647308494724,  [97, 1046, 60], [-4, -442, -552]
16:44:48, 16.2, 100111, 101.56495456408659,  [99, 1050, 66], [0, -441, -549]
16:44:49, 16.2, 100104, 102.32162256739598,  [97, 1048, 61], [-2, -439, -550]
16:44:50, 16.2, 100112, 101.14460725079206,  [97, 1040, 61], [-4, -440, -552]
16:44:51, 16.2, 100115, 101.22867535357722,  [98, 1045, 59], [-3, -441, -551]
16:44:52, 16.2, 100106, 101.14460725079206,  [100, 1046, 67], [-3, -439, -554]
16:44:53, 16.2, 100112, 101.48088374153129,  [96, 1045, 61], [-6, -442, -552]
16:44:54, 16.2, 100114, 101.73309824913922,  [87, 1055, 49], [17, -441, -547]
16:44:55, 16.2, 100108, 101.48088374153129,  [89, 1052, 53], [5, -443, -551]
16:44:56, 16.2, 100121, 101.48088374153129,  [44, 1067, 79], [3, -446, -553]
16:44:57, 16.2, 100121, 101.48088374153129,  [114, 1041, 71], [-23, -437, -557]
16:44:58, 16.2, 100116, 100.89240702185803,  [92, 1043, 56], [-12, -441, -555]
16:44:59, 16.2, 100115, 100.72427693530177,  [100, 1045, 60], [-15, -440, -554]
16:45:00, 16.2, 100109, 101.31274413628891,  [98, 1046, 66], [-14, -440, -555]
16:45:01, 16.2, 100111, 101.48088374153129,  [81, 1046, 59], [-8, -442, -555]
16:45:02, 16.2, 100115, 101.14460725079206,  [103, 1048, 60], [-8, -438, -557]
16:45:03, 16.2, 100112, 101.98531887672581,  [102, 1050, 66], [-12, -438, -555]
16:45:04, 16.2, 100115, 100.97647308494724,  [138, 1053, 53], [-17, -441, -559]
16:45:05, 16.2, 100106, 101.48088374153129,  [111, 1050, 85], [-18, -439, -556]
16:45:06, 16.1, 100109, 101.14460725079206,  [61, 1044, 69], [-15, -442, -554]
16:45:07, 16.2, 100109, 101.14460725079206,  [168, 1044, 66], [-19, -438, -562]
16:45:08, 16.1, 100115, 101.31274413628891,  [102, 1034, 101], [-21, -440, -554]
16:45:09, 16.1, 100116, 100.97647308494724,  [101, 1043, 67], [-25, -437, -555]
16:45:10, 16.1, 100118, 100.72427693530177,  [110, 1032, 101], [-43, -437, -559]
16:45:11, 16.1, 100118, 101.48088374153129,  [63, 1041, 95], [-43, -437, -559]
16:45:12, 16.1, 100111, 101.14460725079206,  [-58, 1111, 82], [-62, -437, -556]
16:45:13, 16.1, 100109, 101.22867535357722,  [140, 1042, 80], [-14, -436, -554]
16:45:14, 16.2, 100115, 100.97647308494724,  [67, 1047, 84], [6, -440, -550]
16:45:15, 16.1, 100116, 100.89240702185803,  [93, 1047, 65], [-18, -441, -551]
16:45:16, 16.1, 100122, 101.22867535357722,  [80, 1046, 61], [-17, -438, -555]
16:45:17, 16.1, 100109, 101.14460725079206,  [101, 1048, 69], [-25, -438, -557]
16:45:18, 16.1, 100115, 100.47208690431599,  [103, 1047, 58], [-30, -441, -557]
16:45:19, 16.1, 100108, 101.22867535357722,  [102, 1050, 65], [-28, -440, -557]
16:45:20, 16.1, 100106, 101.22867535357722,  [105, 1045, 59], [-30, -439, -559]
16:45:21, 16.1, 100112, 101.31274413628891,  [105, 1047, 59], [-29, -440, -557]
16:45:22, 16.1, 100104, 101.22867535357722,  [105, 1044, 65], [-30, -439, -560]
16:45:24, 16.1, 100115, 101.56495456408659,  [107, 1049, 67], [-31, -441, -555]
16:45:25, 16.1, 100115, 101.56495456408659,  [107, 1048, 61], [-25, -441, -557]
16:45:26, 16.1, 100116, 101.56495456408659,  [103, 1047, 61], [-27, -439, -554]
16:45:27, 16.1, 100108, 101.56495456408659,  [108, 1047, 63], [-27, -438, -559]
16:45:28, 16.1, 100112, 101.48088374153129,  [106, 1051, 63], [-28, -440, -557]
16:45:29, 16.1, 100111, 101.31274413628891,  [104, 1049, 61], [-25, -438, -556]
16:45:30, 16.0, 100115, 101.22867535357722,  [114, 1048, 69], [-19, -438, -553]
16:45:31, 16.0, 100112, 100.64021291180518,  [105, 1049, 65], [-18, -441, -553]
16:45:32, 16.0, 100114, 100.72427693530177,  [104, 1048, 61], [-20, -439, -553]
16:45:33, 16.0, 100125, 100.72427693530177,  [106, 1048, 60], [-19, -440, -556]
16:45:34, 16.0, 100118, 100.89240702185803,  [106, 1045, 63], [-19, -440, -556]
16:45:35, 16.0, 100121, 100.64021291180518,  [131, 1057, 89], [-16, -447, -552]
16:45:36, 16.0, 100118, 101.31274413628891,  [110, 1050, 55], [-10, -447, -565]
16:45:37, 16.0, 100118, 101.48088374153129,  [117, 1052, 69], [-12, -451, -568]
16:45:38, 16.0, 100122, 100.47208690431599,  [120, 1045, 80], [-11, -456, -558]
16:45:39, 16.0, 100116, 100.47208690431599,  [113, 1052, 73], [-14, -442, -554]
16:45:40, 16.0, 100111, 101.48088374153129,  [107, 1045, 66], [-10, -441, -557]
16:45:41, 16.0, 100115, 100.72427693530177,  [112, 1047, 62], [-12, -441, -553]
16:45:42, 16.0, 100119, 100.64021291180518,  [108, 1046, 66], [-15, -439, -556]
16:45:43, 16.0, 100115, 100.97647308494724,  [107, 1048, 67], [-12, -439, -556]
16:45:44, 16.0, 100116, 100.97647308494724,  [108, 1044, 62], [-14, -440, -558]
16:45:45, 16.0, 100118, 100.97647308494724,  [112, 1046, 73], [-12, -439, -555]
16:45:46, 16.0, 100118, 101.22867535357722,  [109, 1051, 65], [-15, -439, -556]
16:45:47, 16.0, 100121, 100.72427693530177,  [108, 1047, 70], [-17, -442, -556]
16:45:48, 16.0, 100115, 100.89240702185803,  [108, 1047, 67], [-13, -437, -551]
16:45:49, 16.0, 100122, 100.97647308494724,  [109, 1047, 67], [-15, -439, -557]
16:45:50, 16.0, 100116, 100.89240702185803,  [112, 1049, 71], [-16, -440, -555]
16:45:51, 16.0, 100115, 101.14460725079206,  [106, 1046, 67], [-14, -438, -556]
16:45:52, 16.0, 100112, 101.14460725079206,  [107, 1049, 65], [-14, -439, -554]
16:45:53, 16.0, 100111, 101.48088374153129,  [105, 1048, 67], [-12, -438, -558]
16:45:54, 16.0, 100115, 101.14460725079206,  [103, 1046, 62], [-13, -438, -555]
16:45:55, 16.0, 100114, 101.31274413628891,  [111, 1051, 62], [-12, -442, -556]
16:45:56, 16.0, 100116, 100.64021291180518,  [103, 1047, 67], [-11, -440, -556]
16:45:57, 16.0, 100119, 101.14460725079206,  [108, 1049, 70], [-10, -440, -556]
16:45:58, 15.9, 100114, 101.48088374153129,  [107, 1050, 68], [-12, -439, -556]
16:45:59, 16.0, 100119, 100.89240702185803,  [108, 1049, 71], [-11, -440, -555]
16:46:00, 15.9, 100111, 100.72427693530177,  [103, 1048, 68], [-13, -438, -555]
16:46:01, 15.9, 100121, 100.89240702185803,  [105, 1046, 68], [-11, -441, -555]
16:46:02, 15.9, 100114, 100.72427693530177,  [106, 1047, 63], [-13, -441, -556]
16:46:03, 15.9, 100115, 101.73309824913922,  [110, 1047, 72], [-14, -439, -557]
16:46:04, 16.0, 100109, 100.97647308494724,  [108, 1045, 67], [-13, -441, -556]
16:46:05, 15.9, 100122, 100.97647308494724,  [105, 1048, 69], [-15, -438, -556]
16:46:06, 15.9, 100108, 100.97647308494724,  [110, 1046, 66], [-13, -441, -558]
16:46:07, 15.9, 100121, 100.97647308494724,  [108, 1047, 69], [-14, -439, -557]
16:46:08, 15.9, 100105, 101.48088374153129,  [106, 1048, 67], [-10, -441, -554]
16:46:09, 15.9, 100114, 101.48088374153129,  [109, 1047, 65], [-13, -443, -555]
16:46:10, 15.8, 100000, 110.64860830777208,  [491, 2035, -469], [-424, 299, -349]
16:46:11, 15.5, 100037, 108.04045079757348,  [114, 1200, -384], [300, -112, 83]
16:46:12, 15.4, 100013, 109.80719565629877,  [20, -23, -521], [-218, -404, -701]
16:46:13, 15.2, 100083, 103.4987711805293,  [-39, -18, -817], [87, 536, -387]
16:46:14, 15.1, 100116, 101.48088374153129,  [-202, 26, 955], [-58, -94, -945]
16:46:15, 15.3, 100115, 100.55614956814652,  [-347, 64, 991], [33, -154, -944]
16:46:16, 15.3, 100112, 100.97647308494724,  [-350, 59, 992], [34, -158, -946]
16:46:17, 15.3, 100108, 101.56495456408659,  [-347, 65, 987], [32, -155, -947]
16:46:18, 15.3, 100109, 102.4057001902453,  [-348, 70, 992], [32, -154, -947]
16:46:19, 15.3, 100109, 100.64021291180518,  [-352, 68, 989], [34, -155, -940]
16:46:20, 15.3, 100115, 101.48088374153129,  [-348, 67, 984], [34, -156, -946]
16:46:21, 15.3, 100118, 101.22867535357722,  [-345, 69, 986], [33, -152, -945]
16:46:22, 15.3, 100118, 101.39681359893699,  [-345, 68, 990], [31, -155, -947]
16:46:23, 15.4, 100120, 101.39681359893699,  [-350, 66, 989], [32, -150, -948]
16:46:24, 15.3, 100116, 101.73309824913922,  [-343, 64, 990], [31, -154, -945]
16:46:25, 15.4, 100116, 101.39681359893699,  [-350, 66, 993], [30, -156, -946]
16:46:26, 15.4, 100115, 101.56495456408659,  [-350, 64, 991], [33, -156, -945]
16:46:27, 15.4, 100122, 101.39681359893699,  [-351, 67, 992], [32, -147, -944]
16:46:28, 15.4, 100109, 101.48088374153129,  [-347, 67, 994], [33, -157, -946]
16:46:29, 15.4, 100112, 101.22867535357722,  [-354, 65, 994], [33, -155, -946]
16:46:30, 15.3, 100122, 101.22867535357722,  [-347, 66, 996], [32, -155, -946]
16:46:31, 15.4, 100115, 101.22867535357722,  [-345, 63, 992], [32, -154, -943]
16:46:32, 15.3, 100111, 101.48088374153129,  [-941, 1, 359], [438, -242, -759]
16:46:33, 15.4, 100109, 101.56495456408659,  [-967, 136, 440], [444, -244, -753]
16:46:34, 15.4, 100133, 100.13584304700423,  [154, -143, -655], [-410, -74, -51]
16:46:35, 15.4, 100126, 100.72427693530177,  [187, -34, -953], [-264, -79, 80]
16:46:36, 15.5, 100125, 100.55614956814652,  [156, -46, -915], [-202, -94, 109]
16:46:37, 15.5, 100122, 100.05178378211737,  [64, -34, -966], [-198, -95, 109]
16:46:38, 15.5, 100121, 100.13584304700423,  [217, -83, -1150], [-259, -64, 81]
16:46:39, 15.5, 100109, 101.48088374153129,  [452, 260, 576], [-49, -162, -933]
16:46:40, 15.5, 100103, 102.32162256739598,  [-81, 597, -789], [-58, -431, -33]
16:46:41, 15.5, 100113, 101.39681359893699,  [-83, 408, -919], [-56, -401, 3]
16:46:42, 15.5, 100108, 101.98531887672581,  [-105, -203, -903], [-85, -19, 151]
16:46:43, 15.6, 100108, 101.98531887672581,  [-36, 92, -1020], [-83, -299, 76]
16:46:44, 15.6, 100113, 101.14460725079206,  [-9, 111, -991], [-131, -213, 103]
16:46:45, 15.6, 100109, 101.73309824913922,  [-13, 462, -812], [-114, -425, -41]
16:46:46, 15.6, 100112, 101.73309824913922,  [-5, 889, -605], [-172, -477, -146]
16:46:47, 15.6, 100116, 101.8171711116513,  [-78, 1038, -169], [-141, -548, -440]
16:46:48, 15.6, 100099, 102.06939377931283,  [-278, 1034, 215], [-43, -535, -606]
16:46:49, 15.7, 100111, 100.64021291180518,  [190, 1065, -406], [-238, -478, -236]
16:46:50, 15.7, 100108, 101.8171711116513,  [-74, 912, -446], [-128, -511, -191]
16:46:51, 15.8, 100102, 102.06939377931283,  [-110, 802, -634], [-109, -439, -54]
16:46:52, 15.8, 100109, 102.32162256739598,  [132, 672, -702], [-194, -473, -168]
16:46:53, 15.8, 100115, 101.39681359893699,  [269, 776, -840], [-200, -466, -161]
16:46:54, 15.8, 100105, 101.73309824913922,  [246, 702, -592], [-67, -538, -223]
16:46:55, 15.8, 100116, 101.14460725079206,  [-349, 660, -639], [59, -436, -29]
16:46:56, 15.8, 100108, 101.73309824913922,  [-414, 752, -392], [155, -508, -150]
16:46:57, 15.9, 100114, 101.73309824913922,  [339, 919, -269], [-184, -525, -460]
16:46:58, 15.9, 100106, 101.56495456408659,  [223, 850, -442], [-105, -556, -337]
16:46:59, 15.9, 100109, 101.31274413628891,  [124, 900, -561], [-45, -561, -287]
16:47:00, 16.0, 100111, 101.8171711116513,  [24, 734, -754], [154, -516, -177]
16:47:01, 16.0, 100114, 101.8171711116513,  [293, 795, -739], [218, -448, -83]
16:47:02, 16.0, 100108, 101.8171711116513,  [-50, 906, -471], [287, -383, -51]
16:47:03, 16.0, 100102, 102.06939377931283,  [-127, 924, -478], [291, -375, -47]
16:47:04, 16.0, 100105, 101.73309824913922,  [-108, 909, -535], [289, -358, -25]
16:47:05, 16.1, 100115, 101.31274413628891,  [484, 920, -907], [105, -550, -236]
16:47:06, 15.9, 100115, 101.31274413628891,  [99, 797, -567], [22, -565, -273]
16:47:07, 16.0, 100112, 101.73309824913922,  [21, 670, -826], [219, -440, -77]
16:47:08, 16.1, 100111, 101.98531887672581,  [43, 710, -719], [222, -283, 59]
16:47:09, 16.1, 100115, 100.97647308494724,  [38, 684, -772], [243, -246, 67]
16:47:10, 16.1, 100106, 101.98531887672581,  [-38, 662, -746], [266, -265, 47]
16:47:11, 16.1, 100111, 101.22867535357722,  [-35, 741, -750], [338, -353, -65]
16:47:12, 16.1, 100112, 101.73309824913922,  [-84, 734, -706], [310, -434, -134]
16:47:13, 16.2, 100114, 101.14460725079206,  [-131, 751, -706], [281, -469, -166]
16:47:14, 16.2, 100109, 101.56495456408659,  [-68, 777, -700], [179, -543, -256]
16:47:15, 16.2, 100111, 101.56495456408659,  [-230, 836, -573], [224, -538, -292]
16:47:16, 16.2, 100108, 101.14460725079206,  [-194, 843, -560], [243, -535, -294]
16:47:17, 16.3, 100106, 101.22867535357722,  [-211, 811, -579], [256, -526, -286]
16:47:18, 16.3, 100101, 100.64021291180518,  [-194, 827, -567], [251, -526, -293]
16:47:19, 16.3, 100102, 101.22867535357722,  [-191, 829, -574], [255, -527, -286]
16:47:20, 16.4, 100114, 101.73309824913922,  [-203, 835, -575], [260, -524, -287]
16:47:21, 16.4, 100111, 101.73309824913922,  [-211, 819, -562], [266, -523, -289]
16:47:22, 16.4, 100109, 101.22867535357722,  [-224, 814, -564], [266, -523, -287]
16:47:23, 16.4, 100121, 101.48088374153129,  [-219, 827, -564], [268, -522, -291]
16:47:24, 16.5, 100107, 101.22867535357722,  [-245, 819, -584], [276, -517, -287]
16:47:25, 16.5, 100105, 101.73309824913922,  [-238, 815, -568], [281, -519, -285]
16:47:26, 16.6, 100108, 102.06939377931283,  [-253, 817, -584], [281, -514, -287]
16:47:27, 16.6, 100104, 101.22867535357722,  [-257, 797, -591], [291, -510, -279]
16:47:28, 16.6, 100111, 101.90124465417854,  [-253, 793, -599], [284, -511, -273]
16:47:29, 16.6, 100111, 102.06939377931283,  [-260, 785, -600], [282, -511, -277]
16:47:30, 16.7, 100114, 101.8171711116513,  [-252, 787, -600], [282, -508, -270]
16:47:31, 16.7, 100098, 101.8171711116513,  [-284, 776, -595], [212, -533, -260]
16:47:33, 16.7, 100114, 101.8171711116513,  [-277, 790, -678], [72, -546, -221]
16:47:34, 16.6, 100109, 102.1534693619445,  [-306, 803, -525], [13, -533, -185]
16:47:35, 16.6, 100109, 101.06053982791869,  [-311, 859, -605], [-7, -527, -172]
16:47:36, 16.5, 100111, 101.31274413628891,  [-398, 854, -592], [23, -537, -191]
16:47:37, 16.5, 100111, 101.73309824913922,  [-239, 770, -512], [-5, -544, -210]
16:47:38, 16.4, 100112, 101.48088374153129,  [-87, 640, -536], [-7, -523, -167]
16:47:39, 16.5, 100119, 101.73309824913922,  [-153, 731, -807], [12, -531, -175]
16:47:40, 16.5, 100111, 101.8171711116513,  [-490, 749, -515], [115, -548, -225]
16:47:41, 16.5, 100104, 101.73309824913922,  [-479, 841, -610], [97, -549, -248]
16:47:42, 16.4, 100122, 100.64021291180518,  [-387, 739, -513], [76, -545, -212]
16:47:43, 16.4, 100108, 101.56495456408659,  [-359, 739, -634], [125, -546, -241]
16:47:44, 16.4, 100115, 101.48088374153129,  [-63, 754, -644], [-149, -450, -99]
16:47:45, 16.4, 100115, 101.8171711116513,  [733, 623, 465], [-162, -249, -854]
16:47:46, 16.4, 100108, 102.1534693619445,  [221, 611, 819], [197, -237, -892]
16:47:47, 16.4, 100104, 101.90124465417854,  [200, 798, 641], [77, -346, -849]
16:47:48, 16.4, 100112, 101.90124465417854,  [411, 747, 640], [40, -315, -873]
16:47:49, 16.5, 100115, 101.48088374153129,  [296, 773, 502], [-37, -331, -850]
16:47:50, 16.5, 100117, 101.06053982791869,  [580, 939, 7], [-23, -548, -557]
16:47:51, 16.5, 100108, 101.31274413628891,  [408, 933, -75], [17, -547, -228]
16:47:52, 16.5, 100118, 101.22867535357722,  [470, 965, -73], [1, -547, -223]
16:47:53, 16.5, 100112, 101.06053982791869,  [339, 888, -331], [75, -515, -153]
16:47:54, 16.5, 100107, 101.56495456408659,  [215, 989, -24], [74, -545, -212]
16:47:55, 16.5, 100109, 101.06053982791869,  [132, 1070, 40], [144, -548, -262]
16:47:56, 16.5, 100112, 102.32162256739598,  [140, 1030, 126], [156, -549, -268]
16:47:57, 16.5, 100108, 101.8171711116513,  [-393, 885, -314], [481, -315, -215]
16:47:58, 16.5, 100107, 101.73309824913922,  [-895, 309, -383], [562, 93, -238]
16:47:59, 16.5, 100102, 102.06939377931283,  [-661, 866, -125], [548, -248, -331]
16:48:00, 16.6, 100112, 102.06939377931283,  [-829, 637, 16], [599, -79, -392]
16:48:01, 16.6, 100104, 102.32162256739598,  [-959, 410, 115], [591, 42, -477]
16:48:02, 16.6, 100101, 102.06939377931283,  [-625, 180, 739], [457, 75, -765]
16:48:03, 16.6, 100101, 101.8171711116513,  [-776, 348, 734], [492, 39, -734]
16:48:04, 16.7, 100104, 102.1534693619445,  [-659, 346, 722], [456, 50, -773]
16:48:05, 16.7, 100104, 101.8171711116513,  [-922, 183, 432], [553, 163, -536]
16:48:06, 16.7, 100099, 102.32162256739598,  [-985, 122, 160], [567, 161, -416]
16:48:07, 16.8, 100099, 102.1534693619445,  [-1005, -112, 199], [509, 273, -463]
16:48:08, 16.8, 100094, 102.4057001902453,  [-1024, 153, 178], [579, 125, -393]
16:48:09, 16.8, 100108, 101.31274413628891,  [-990, 144, -364], [485, 147, -124]
16:48:10, 16.8, 100111, 101.8171711116513,  [-906, 114, -498], [441, 157, -71]
16:48:11, 16.8, 100112, 101.56495456408659,  [-866, 96, -577], [401, 167, -31]
16:48:12, 16.8, 100111, 101.90124465417854,  [-884, 110, -519], [415, 150, -41]
16:48:13, 16.9, 100110, 102.06939377931283,  [-588, 87, -772], [279, 158, 61]
16:48:14, 16.9, 100108, 101.90124465417854,  [-825, 33, -601], [378, 188, -20]
16:48:15, 16.9, 100107, 101.48088374153129,  [-365, 92, -879], [117, 186, 110]
16:48:16, 16.8, 100120, 101.48088374153129,  [-252, -22, -904], [66, 219, 98]
16:48:17, 16.9, 100110, 101.90124465417854,  [536, 34, -862], [-310, 207, -27]
16:48:18, 16.8, 100111, 100.80834163865109,  [605, 180, -801], [-358, 80, -10]
16:48:19, 16.8, 100112, 101.31274413628891,  [490, 217, -887], [-239, 89, 74]
16:48:20, 16.8, 100107, 101.22867535357722,  [181, 222, -984], [-162, 75, 112]
16:48:21, 16.8, 100117, 101.48088374153129,  [665, 55, -807], [-369, 157, -62]
16:48:22, 16.8, 100114, 100.97647308494724,  [744, -187, -683], [-339, 283, -121]
16:48:23, 16.9, 100107, 102.06939377931283,  [716, -108, -712], [-343, 271, -121]
16:48:24, 16.8, 100110, 101.64902606662255,  [753, -94, -743], [-360, 245, -121]
16:48:25, 16.9, 100112, 101.90124465417854,  [755, -72, -726], [-361, 231, -112]
16:48:26, 16.9, 100104, 101.31274413628891,  [708, -47, -774], [-346, 225, -77]
16:48:27, 16.9, 100117, 100.80834163865109,  [772, 223, -677], [-432, 93, -115]
16:48:28, 16.9, 100114, 101.56495456408659,  [656, -134, -766], [-297, 293, -85]
16:48:29, 17.0, 100114, 100.72427693530177,  [740, -96, -740], [-382, 205, -96]
16:48:30, 17.0, 100108, 100.97647308494724,  [585, 260, -774], [-368, 7, -8]
16:48:31, 17.0, 100111, 101.48088374153129,  [358, 281, -888], [-348, -5, 8]
16:48:32, 16.9, 100114, 101.06053982791869,  [543, 256, -845], [-394, 37, -41]
16:48:33, 16.9, 100117, 100.64021291180518,  [265, 317, -926], [-301, -66, 48]
16:48:34, 16.9, 100112, 101.64902606662255,  [-12, 316, -931], [-82, -77, 142]
16:48:35, 16.9, 100104, 101.06053982791869,  [-538, -78, -754], [52, 264, 68]
16:48:36, 16.9, 100105, 101.56495456408659,  [377, -120, -961], [-306, 231, -41]
16:48:37, 17.0, 100114, 101.64902606662255,  [911, -18, -508], [-438, 220, -245]
16:48:38, 17.0, 100117, 101.56495456408659,  [976, 11, -433], [-456, 192, -266]
16:48:39, 17.0, 100105, 101.22867535357722,  [873, 46, -596], [-410, 191, -139]
16:48:40, 17.0, 100111, 101.56495456408659,  [762, 276, -640], [-412, 52, -71]
16:48:41, 17.0, 100110, 101.22867535357722,  [704, -57, -677], [-332, 269, -94]
16:48:42, 17.0, 100108, 101.8171711116513,  [798, 137, -691], [-405, 139, -100]
16:48:43, 17.0, 100115, 101.48088374153129,  [662, 296, -750], [-405, -6, -59]
16:48:44, 17.0, 100108, 101.56495456408659,  [569, 446, -782], [-391, -23, -45]
16:48:45, 17.0, 100114, 101.06053982791869,  [727, -265, -623], [-287, 382, -208]
16:48:46, 17.1, 100108, 100.97647308494724,  [394, -678, -554], [-40, 487, -205]
16:48:47, 17.1, 100114, 100.97647308494724,  [711, -409, -630], [-249, 378, -139]
16:48:48, 17.1, 100118, 101.22867535357722,  [741, -331, -583], [-392, 281, -217]
16:48:49, 17.1, 100110, 101.64902606662255,  [366, 348, -902], [-334, -107, 10]
16:48:50, 17.1, 100114, 102.1534693619445,  [328, 531, -866], [-285, -133, 43]
16:48:51, 17.1, 100107, 101.90124465417854,  [212, 500, -891], [-222, -117, 86]
16:48:52, 17.1, 100107, 101.90124465417854,  [231, 507, -859], [-227, -110, 84]
16:48:53, 17.1, 100111, 101.56495456408659,  [197, 563, -851], [-204, -146, 86]
16:48:54, 17.1, 100102, 101.90124465417854,  [576, 342, -905], [-308, 40, 39]
16:48:55, 17.1, 100111, 102.06939377931283,  [484, -317, -827], [-379, 213, -101]
16:48:56, 17.1, 100111, 101.8171711116513,  [500, 27, -878], [-289, 289, -64]
16:48:57, 17.2, 100108, 102.1534693619445,  [408, -605, -679], [-58, 474, -176]
16:48:58, 17.2, 100117, 101.90124465417854,  [631, -322, -696], [-333, 326, -159]
16:48:59, 17.2, 100105, 101.56495456408659,  [777, -107, -678], [-406, 227, -154]
16:49:00, 17.2, 100107, 101.90124465417854,  [603, -320, -708], [-249, 380, -141]
16:49:01, 17.2, 100101, 101.90124465417854,  [666, -412, -643], [-304, 373, -196]
16:49:02, 17.2, 100100, 101.90124465417854,  [732, -247, -646], [-375, 277, -166]
16:49:03, 17.2, 100102, 102.4057001902453,  [677, -158, -741], [-384, 229, -131]
16:49:04, 17.2, 100105, 101.8171711116513,  [707, -147, -722], [-397, 231, -147]
16:49:05, 17.2, 100101, 102.65793713941557,  [726, -120, -717], [-403, 220, -152]
16:49:06, 17.2, 100117, 101.8171711116513,  [741, -104, -693], [-413, 220, -164]
16:49:07, 17.2, 100107, 101.31274413628891,  [762, -187, -656], [-410, 248, -198]
16:49:08, 17.2, 100111, 102.1534693619445,  [775, -95, -689], [-395, 247, -166]
16:49:09, 17.2, 100107, 101.8171711116513,  [766, -152, -697], [-415, 216, -166]
16:49:10, 17.2, 100102, 102.1534693619445,  [704, -151, -727], [-371, 268, -140]
16:49:11, 17.2, 100111, 101.64902606662255,  [751, -120, -723], [-385, 243, -146]
16:49:12, 17.2, 100100, 102.4897784931885,  [760, -113, -696], [-400, 235, -160]
16:49:13, 17.1, 100111, 102.06939377931283,  [785, -115, -670], [-418, 228, -186]
16:49:14, 17.1, 100114, 101.56495456408659,  [779, -113, -677], [-411, 235, -178]
16:49:15, 17.1, 100108, 101.8171711116513,  [846, -128, -621], [-437, 207, -218]
16:49:16, 17.2, 100105, 101.8171711116513,  [917, 51, -567], [-458, 163, -219]
16:49:17, 17.2, 100102, 101.90124465417854,  [893, -33, -434], [-486, 159, -324]
16:49:18, 17.1, 100105, 101.48088374153129,  [735, -626, 281], [-100, 452, -648]
16:49:19, 17.2, 100105, 101.56495456408659,  [823, -590, 186], [-184, 436, -606]
16:49:20, 17.1, 100112, 101.64902606662255,  [766, -617, 9], [-240, 422, -570]
16:49:21, 17.1, 100107, 102.06939377931283,  [839, -610, 55], [-251, 415, -576]
16:49:22, 17.1, 100107, 101.64902606662255,  [806, -603, 83], [-234, 407, -612]
16:49:23, 17.1, 100112, 101.31274413628891,  [592, -785, 167], [-88, 449, -651]
16:49:24, 17.1, 100112, 102.65793713941557,  [-272, -756, 470], [363, 261, -757]
16:49:25, 17.1, 100110, 102.1534693619445,  [-606, -713, 251], [475, 223, -664]
16:49:26, 17.0, 100104, 101.90124465417854,  [-561, -788, 247], [455, 248, -667]
16:49:27, 17.0, 100098, 102.32162256739598,  [-541, -776, 242], [449, 259, -671]
16:49:28, 17.0, 100100, 102.4057001902453,  [-437, -816, 221], [398, 302, -682]
16:49:29, 17.0, 100110, 101.56495456408659,  [-419, -842, 194], [388, 326, -664]
16:49:30, 17.0, 100098, 102.1534693619445,  [-443, -856, 142], [395, 331, -644]
16:49:31, 16.9, 100097, 102.4897784931885,  [-448, -858, 122], [398, 335, -631]
16:49:32, 17.0, 100100, 102.4897784931885,  [-443, -859, 130], [398, 339, -630]
16:49:33, 17.0, 100104, 102.32162256739598,  [-425, -859, 128], [398, 340, -629]
16:49:34, 16.9, 100102, 101.31274413628891,  [-426, -883, 112], [383, 354, -632]
16:49:35, 16.9, 100101, 101.8171711116513,  [-374, -884, 128], [358, 363, -643]
16:49:36, 16.9, 100108, 102.32162256739598,  [-385, -877, 122], [371, 360, -637]
16:49:37, 16.8, 100102, 102.4897784931885,  [-389, -862, 125], [373, 360, -631]
16:49:38, 16.8, 100097, 102.32162256739598,  [-392, -879, 110], [374, 359, -631]
16:49:39, 16.8, 100098, 102.4057001902453,  [-398, -877, 115], [377, 357, -632]
16:49:40, 16.8, 100098, 102.65793713941557,  [-383, -882, 119], [373, 362, -629]
16:49:41, 16.8, 100100, 102.4057001902453,  [-363, -883, 98], [369, 373, -618]
16:49:42, 16.8, 100101, 102.1534693619445,  [-357, -889, 85], [369, 375, -613]
16:49:43, 16.8, 100101, 102.65793713941557,  [-341, -903, 73], [360, 377, -609]
16:49:44, 16.7, 100101, 102.32162256739598,  [-331, -895, 62], [362, 382, -602]
16:49:45, 16.7, 100099, 102.65793713941557,  [-325, -906, 35], [355, 391, -593]
16:49:46, 16.7, 100104, 102.06939377931283,  [-327, -910, 30], [357, 392, -590]
16:49:47, 16.7, 100108, 101.73309824913922,  [-326, -902, -5], [356, 400, -576]
16:49:48, 16.7, 100104, 101.8171711116513,  [-342, -869, 225], [384, 343, -638]
16:49:49, 16.7, 100099, 102.57385747624033,  [-111, -972, 80], [318, 434, -538]
16:49:50, 16.6, 100107, 102.32162256739598,  [-162, -948, 87], [336, 418, -545]
16:49:51, 16.6, 100109, 102.1534693619445,  [-189, -944, 69], [347, 417, -530]
16:49:52, 16.6, 100098, 102.4057001902453,  [-183, -960, 54], [353, 411, -531]
16:49:53, 16.6, 100107, 102.1534693619445,  [-157, -923, 122], [331, 417, -558]
16:49:54, 16.6, 100104, 102.4057001902453,  [-189, -909, 79], [340, 417, -552]
16:49:55, 16.6, 100104, 101.22867535357722,  [-110, -963, 94], [317, 431, -552]
16:49:57, 16.6, 100107, 101.90124465417854,  [-205, -950, 17], [344, 431, -507]
16:49:58, 16.5, 100105, 101.8171711116513,  [-209, -940, -25], [359, 424, -489]
16:49:59, 16.5, 100108, 101.90124465417854,  [771, -343, -44], [-450, 227, -455]
16:50:00, 16.5, 100099, 102.06939377931283,  [1019, 156, 88], [-470, 139, -540]
16:50:01, 16.6, 100098, 101.8171711116513,  [880, 425, -65], [-505, -5, -465]
16:50:02, 16.6, 100105, 102.1534693619445,  [1120, 274, -283], [-512, 54, -336]
16:50:03, 16.6, 100114, 101.73309824913922,  [991, 179, -58], [-454, 216, -469]
16:50:04, 16.6, 100108, 102.57385747624033,  [366, 140, -942], [-198, 94, 100]
16:50:05, 16.6, 100111, 102.1534693619445,  [502, 483, -784], [-320, -62, 36]
16:50:06, 16.6, 100104, 102.99426259357207,  [452, 483, -776], [-310, -63, 46]
16:50:07, 16.7, 100099, 102.32162256739598,  [450, 386, -798], [-313, -31, 49]
16:50:08, 16.7, 100107, 101.31274413628891,  [469, 336, -844], [-304, 10, 51]
16:50:09, 16.7, 100111, 101.73309824913922,  [430, 314, -884], [-296, 18, 54]
16:50:10, 16.7, 100098, 102.32162256739598,  [415, 378, -880], [-292, -14, 63]
16:50:11, 16.7, 100104, 102.65793713941557,  [434, 359, -888], [-284, -14, 65]
16:50:12, 16.8, 100104, 102.65793713941557,  [423, 376, -846], [-299, -9, 58]
16:50:13, 16.8, 100095, 102.32162256739598,  [436, 384, -865], [-286, -15, 62]
16:50:14, 16.8, 100098, 102.1534693619445,  [447, 497, -790], [-302, -78, 49]
16:50:15, 16.8, 100107, 101.90124465417854,  [474, 590, -648], [-320, -175, 9]
16:50:16, 16.8, 100105, 102.1534693619445,  [487, 744, -644], [-327, -186, -6]
16:50:17, 16.9, 100102, 102.4057001902453,  [445, 671, -726], [-258, -164, 59]
16:50:18, 16.9, 100097, 102.4897784931885,  [430, 688, -728], [-225, -148, 83]
16:50:19, 16.9, 100104, 102.65793713941557,  [503, 666, -667], [-275, -165, 48]
16:50:20, 16.8, 100102, 102.4897784931885,  [477, 650, -646], [-263, -164, 55]
16:50:21, 16.8, 100095, 102.4897784931885,  [478, 595, -665], [-252, -168, 62]
16:50:22, 16.8, 100098, 102.06939377931283,  [459, 563, -710], [-261, -113, 72]
16:50:23, 16.8, 100101, 102.06939377931283,  [474, 589, -615], [-279, -121, 55]
16:50:24, 16.8, 100104, 102.4897784931885,  [581, 650, -689], [-285, -108, 56]
16:50:25, 16.8, 100107, 102.1534693619445,  [563, 599, -687], [-307, -110, 36]
16:50:26, 16.8, 100111, 101.8171711116513,  [606, 560, -596], [-354, -118, 2]
16:50:27, 16.9, 100107, 102.06939377931283,  [637, 620, -627], [-338, -109, 16]
16:50:28, 16.9, 100104, 101.90124465417854,  [503, 664, -483], [-349, -121, -2]
16:50:29, 16.9, 100098, 102.32162256739598,  [508, 561, -695], [-287, -83, 61]
16:50:30, 16.9, 100107, 101.64902606662255,  [516, 535, -770], [-353, -84, 1]
16:50:31, 16.9, 100107, 102.4057001902453,  [870, 337, -484], [-375, -110, -27]
16:50:32, 16.9, 100104, 102.06939377931283,  [903, 483, -147], [-428, -151, -116]
16:50:33, 16.9, 100105, 101.06053982791869,  [911, 522, -191], [-409, -191, -111]
16:50:34, 16.9, 100107, 102.06939377931283,  [866, 544, -111], [-488, -49, -217]
16:50:35, 16.9, 100114, 101.8171711116513,  [981, 466, 147], [-496, -49, -243]
16:50:36, 16.9, 100102, 102.4057001902453,  [991, 244, 24], [-479, 177, -412]
16:50:37, 16.9, 100100, 102.4897784931885,  [1029, 95, -177], [-504, 93, -342]
16:50:38, 17.0, 100098, 101.48088374153129,  [942, 349, -429], [-501, -112, -344]
16:50:39, 17.0, 100107, 101.8171711116513,  [936, 546, -461], [-468, -209, -303]
16:50:40, 17.0, 100101, 102.1534693619445,  [881, 395, -418], [-399, 40, -41]
16:50:41, 17.0, 100111, 102.65793713941557,  [1094, 140, -58], [-521, 45, -150]
16:50:42, 17.0, 100114, 101.64902606662255,  [1047, 33, 71], [-563, 19, -202]
16:50:43, 17.0, 100115, 101.56495456408659,  [1070, 329, -191], [-432, 21, -91]
16:50:44, 16.9, 100108, 101.48088374153129,  [1022, 194, -159], [-474, 101, -201]
16:50:45, 17.0, 100102, 102.1534693619445,  [1015, 197, -97], [-485, 120, -263]
16:50:46, 17.0, 100108, 101.8171711116513,  [1021, 200, -102], [-490, 104, -268]
16:50:47, 17.1, 100108, 101.31274413628891,  [1042, 236, -95], [-493, 99, -274]
16:50:48, 17.1, 100108, 102.4897784931885,  [1052, 231, -96], [-495, 98, -284]
16:50:49, 17.1, 100110, 102.1534693619445,  [1043, 189, -182], [-466, 123, -204]
16:50:50, 17.1, 100102, 102.65793713941557,  [1067, 209, -128], [-491, 94, -275]
16:50:51, 17.2, 100100, 102.4897784931885,  [1028, 256, -70], [-499, 90, -290]
16:50:52, 17.2, 100098, 102.91018020978508,  [1030, 253, -101], [-493, 91, -276]
16:50:53, 17.2, 100102, 102.06939377931283,  [1024, 238, -99], [-495, 81, -276]
16:50:54, 17.2, 100107, 102.32162256739598,  [1030, 262, -86], [-498, 80, -281]
16:50:55, 17.3, 100101, 101.64902606662255,  [1035, 259, -103], [-496, 81, -276]
16:50:56, 17.3, 100111, 101.8171711116513,  [1032, 263, -93], [-495, 79, -277]
16:50:57, 17.3, 100098, 102.2375456246356,  [1024, 271, -60], [-501, 80, -312]
16:50:58, 17.4, 100095, 102.65793713941557,  [1032, 273, -72], [-502, 73, -298]
16:50:59, 17.4, 100104, 102.65793713941557,  [1007, 307, -101], [-503, 62, -312]
16:51:00, 17.4, 100100, 102.4057001902453,  [1008, 332, -80], [-504, 56, -304]
16:51:01, 17.4, 100104, 102.4057001902453,  [1005, 303, -104], [-502, 51, -279]
16:51:02, 17.5, 100097, 102.1534693619445,  [1019, 321, -91], [-500, 49, -282]
16:51:03, 17.5, 100105, 102.4897784931885,  [796, 186, 479], [-449, 115, -601]
16:51:04, 17.5, 100088, 103.58285832584454,  [587, -374, 769], [-325, 319, -618]
16:51:05, 17.5, 100100, 102.65793713941557,  [880, 375, 550], [-454, 20, -622]
16:51:06, 17.5, 100101, 102.91018020978508,  [828, 420, 512], [-452, 5, -625]
16:51:07, 17.6, 100091, 102.74201748272407,  [850, 419, 432], [-395, -33, -723]
16:51:08, 17.6, 100097, 102.91018020978508,  [968, 466, 319], [-444, -34, -648]
16:51:09, 17.6, 100098, 102.74201748272407,  [914, 413, 344], [-484, -8, -563]
16:51:10, 17.6, 100110, 102.2375456246356,  [961, 597, 93], [-500, -125, -395]
16:51:11, 17.6, 100100, 102.4057001902453,  [960, 654, -183], [-483, -106, -235]
16:51:12, 17.6, 100103, 102.2375456246356,  [784, 661, -345], [-392, -151, -66]
16:51:13, 17.6, 100110, 102.2375456246356,  [737, 618, -420], [-349, -140, -14]
16:51:14, 17.6, 100108, 102.1534693619445,  [522, 519, -925], [-199, -51, 107]
16:51:15, 17.6, 100115, 101.31274413628891,  [578, 577, -867], [-226, -58, 98]
16:51:16, 17.6, 100117, 101.31274413628891,  [724, 472, -534], [-390, -47, -35]
                                                                                                                                                                                                                                                                                                                                                                                                                                                                                                                                   