14:25:10, 24.9, 100290, 87.03080831584087,  [-361, -46, -919], [310, 131, 161]
14:25:10, 24.9, 100283, 87.03080831584087,  [-361, -43, -917], [307, 135, 163]
14:25:10, 24.9, 100275, 86.77895023389445,  [-355, -50, -911], [311, 135, 162]
14:25:10, 24.9, 100271, 87.53454278207205,  [-354, -47, -919], [310, 133, 162]
14:25:11, 24.9, 100281, 87.87037931791022,  [-357, -44, -916], [311, 132, 161]
14:25:11, 24.9, 100274, 87.9543401467768,  [-357, -50, -914], [310, 135, 163]
14:25:11, 24.9, 100278, 87.28267249845354,  [-350, -54, -919], [306, 134, 162]
14:25:11, 24.9, 100277, 86.69499889556232,  [-298, -36, -869], [303, 122, 169]
14:25:11, 24.9, 100280, 87.11476236550749,  [-371, 36, -881], [309, 76, 168]
14:25:12, 24.7, 100217, 92.9092295055824,  [-430, 162, -891], [270, -118, 145]
14:25:12, 24.7, 100232, 92.32123780050782,  [-623, 680, -395], [281, -266, -38]
14:25:12, 24.8, 100258, 89.54972472669174,  [-497, 761, 146], [264, -305, -146]
14:25:12, 24.9, 100280, 86.69499889556232,  [-444, 805, 596], [264, -298, -283]
14:25:12, 24.9, 100270, 88.20622670134537,  [-353, 743, 672], [302, -279, -191]
14:25:13, 24.8, 100258, 88.45811935812557,  [-307, 787, 391], [241, -316, -127]
14:25:13, 24.9, 100270, 88.71001811744715,  [-429, 879, 260], [186, -355, -178]
14:25:13, 24.9, 100291, 86.35920032013449,  [-225, 852, 282], [216, -335, -250]
14:25:13, 24.9, 100292, 86.77895023389445,  [-76, 904, 429], [262, -303, -258]
14:25:13, 24.9, 100268, 88.20622670134537,  [-341, 849, 436], [285, -287, -176]
14:25:14, 24.9, 100268, 88.20622670134537,  [-315, 834, 412], [235, -317, -131]
14:25:14, 24.9, 100252, 89.46575101398228,  [-377, 970, 335], [159, -336, -73]
14:25:14, 24.9, 100278, 87.87037931791022,  [-130, 1077, -3], [-40, -331, 56]
14:25:14, 24.9, 100286, 87.53454278207205,  [219, 1083, -35], [-108, -331, 57]
14:25:14, 24.9, 100286, 87.61850089911198,  [101, 1060, 23], [-174, -317, 63]
14:25:15, 24.9, 100287, 86.77895023389445,  [254, 950, -64], [-172, -302, 86]
14:25:15, 25.0, 100291, 85.26792983782477,  [39, 893, 18], [-228, -311, 14]
14:25:15, 25.0, 100321, 84.68037008844108,  [157, 1018, 44], [-274, -292, -3]
14:25:15, 25.1, 100314, 84.17677386915929,  [176, 1008, 127], [-279, -264, -27]
14:25:15, 25.0, 100310, 85.10005223592175,  [31, 936, 61], [-235, -255, -25]
14:25:16, 25.0, 100308, 84.68037008844108,  [35, 989, 151], [-254, -217, -30]
14:25:16, 25.0, 100310, 84.4285689301724,  [-43, 1016, 101], [-298, -184, -8]
14:25:16, 25.1, 100307, 84.68037008844108,  [24, 1063, 154], [-345, -155, 16]
14:25:16, 25.0, 100311, 85.0161144513337,  [32, 1071, 144], [-337, -164, 9]
14:25:16, 25.1, 100308, 85.10005223592175,  [-20, 970, 124], [-360, -156, 20]
14:25:17, 25.1, 100310, 84.7643051628709,  [-85, 983, 135], [-364, -151, 23]
14:25:17, 25.1, 100301, 86.02341258878468,  [-64, 1015, 121], [-390, -150, 26]
14:25:17, 25.1, 100308, 84.7643051628709,  [97, 1026, 118], [-439, -137, 25]
14:25:17, 25.1, 100310, 85.26792983782477,  [11, 951, 80], [-441, -136, 28]
14:25:17, 25.1, 100305, 85.0161144513337,  [8, 996, 121], [-453, -137, 15]
14:25:18, 25.0, 100301, 86.10735850503349,  [31, 1032, 154], [-457, -135, 15]
14:25:18, 25.0, 100298, 86.2752523706961,  [15, 1074, 211], [-454, -138, 20]
14:25:18, 25.0, 100295, 83.92498490507693,  [46, 1012, 150], [-456, -136, 23]
14:25:18, 25.0, 100298, 86.35920032013449,  [14, 1022, 163], [-454, -135, 33]
14:25:18, 25.0, 100298, 86.10735850503349,  [60, 1010, 104], [-452, -131, 42]
14:25:19, 25.0, 100288, 86.6110482350306,  [-13, 1003, 40], [-449, -135, 46]
14:25:19, 25.0, 100283, 87.03080831584087,  [18, 1014, 66], [-449, -132, 41]
14:25:19, 25.0, 100288, 86.86290225004173,  [23, 1032, 91], [-448, -137, 27]
14:25:19, 25.0, 100291, 86.6110482350306,  [19, 1031, 173], [-449, -142, 8]
14:25:19, 25.0, 100299, 85.60369317287818,  [20, 1038, 169], [-449, -140, 13]
14:25:20, 25.0, 100286, 86.44314894732898,  [39, 989, 106], [-455, -138, 24]
14:25:20, 25.0, 100305, 85.0161144513337,  [18, 1021, 155], [-468, -138, -3]
14:25:20, 25.0, 100298, 84.26070487871105,  [53, 1025, 150], [-485, -136, -2]
14:25:20, 25.0, 100304, 85.7715789062205,  [21, 1061, 126], [-522, -136, -1]
14:25:20, 25.1, 100304, 85.85552278939295,  [10, 1090, 132], [-576, -146, 16]
14:25:21, 25.1, 100298, 76.03868394154765,  [21, 1052, 130], [-631, -173, 36]
14:25:21, 25.0, 100377, 85.7715789062205,  [29, 1011, 127], [-680, -244, 48]
14:25:21, 25.0, 100291, 85.35186965516436,  [16, 1020, 105], [-650, -408, 20]
14:25:21, 25.1, 100302, 85.60369317287818,  [-1, 1061, 135], [-574, -455, -10]
14:25:21, 25.1, 100304, 86.10735850503349,  [-27, 1046, 125], [-502, -472, -38]
14:25:22, 25.1, 100294, 85.85552278939295,  [-10, 1040, 101], [-399, -470, -89]
14:25:22, 25.1, 100292, 86.35920032013449,  [-52, 1029, 108], [-309, -441, -124]
14:25:22, 25.1, 100326, 86.69499889556232,  [-27, 832, 9], [-243, -438, -161]
14:25:22, 25.1, 100287, 87.11476236550749,  [-13, 969, 44], [-126, -423, -208]
14:25:22, 25.1, 100291, 86.6110482350306,  [21, 1010, 68], [-64, -369, -206]
14:25:23, 25.1, 100289, 86.44314894732898,  [13, 1028, 40], [-134, -325, -204]
14:25:23, 25.1, 100280, 87.03080831584087,  [-40, 1060, 94], [-141, -326, -223]
14:25:23, 25.1, 100284, 87.03080831584087,  [83, 1051, 100], [-139, -328, -224]
14:25:23, 25.1, 100287, 86.6110482350306,  [24, 1023, 157], [-127, -332, -226]
14:25:23, 25.2, 100289, 86.69499889556232,  [66, 946, 123], [-147, -327, -210]
14:25:24, 25.2, 100292, 85.93946735024275,  [7, 979, 46], [-133, -330, -210]
14:25:24, 25.3, 100304, 84.84824091482058,  [36, 1035, 50], [-122, -325, -220]
14:25:24, 25.3, 100317, 84.7643051628709,  [18, 1037, 80], [-92, -356, -239]
14:25:24, 25.3, 100313, 84.17677386915929,  [81, 968, 84], [-97, -344, -234]
14:25:24, 25.2, 100310, 84.51250197210659,  [46, 1025, 103], [-125, -327, -219]
14:25:25, 25.3, 100311, 84.51250197210659,  [-76, 1296, 43], [-155, -320, -214]
14:25:25, 25.3, 100304, 85.10005223592175,  [-38, 1208, 48], [-137, -324, -220]
14:25:25, 25.3, 100310, 84.59643569152621,  [23, 881, 81], [-99, -341, -230]
14:25:25, 25.3, 100307, 84.59643569152621,  [28, 992, 125], [-124, -324, -219]
14:25:25, 25.3, 100299, 85.26792983782477,  [20, 948, 100], [-157, -342, -211]
14:25:26, 25.2, 100291, 87.03080831584087,  [-15, 1003, 109], [-129, -371, -223]
14:25:26, 25.2, 100288, 86.6110482350306,  [-32, 1002, 102], [-117, -355, -221]
14:25:26, 25.2, 100286, 86.35920032013449,  [-51, 1019, 76], [-128, -354, -214]
14:25:26, 25.2, 100292, 86.69499889556232,  [-36, 1016, 106], [-120, -358, -223]
14:25:26, 25.2, 100287, 86.44314894732898,  [-34, 1039, 100], [-113, -352, -223]
14:25:27, 25.2, 100287, 86.86290225004173,  [33, 1023, 103], [-116, -350, -212]
14:25:27, 25.3, 100292, 86.86290225004173,  [6, 976, 97], [-119, -350, -209]
14:25:27, 25.3, 100291, 86.69499889556232,  [-17, 1005, 86], [-119, -349, -204]
14:25:27, 25.2, 100288, 86.86290225004173,  [9, 1023, 111], [-120, -347, -211]
14:25:27, 25.3, 100286, 85.85552278939295,  [-62, 1031, 59], [-116, -353, -204]
14:25:28, 25.3, 100294, 86.35920032013449,  [-30, 1021, 138], [-114, -349, -202]
14:25:28, 25.3, 100298, 86.10735850503349,  [-19, 1021, 175], [-98, -349, -190]
14:25:28, 25.3, 100295, 86.77895023389445,  [-21, 1016, 141], [-105, -353, -191]
14:25:28, 25.3, 100294, 85.6876357007205,  [-8, 1020, 129], [-102, -353, -190]
14:25:28, 25.4, 100301, 86.10735850503349,  [12, 1021, 198], [-102, -352, -194]
14:25:29, 25.4, 100298, 86.35920032013449,  [44, 1022, 204], [-113, -350, -193]
14:25:29, 25.4, 100298, 85.6876357007205,  [-5, 1029, 186], [-112, -348, -196]
14:25:29, 25.4, 100292, 85.93946735024275,  [-30, 1014, 173], [-113, -353, -193]
14:25:29, 25.4, 100295, 86.6110482350306,  [-10, 992, 152], [-116, -348, -192]
14:25:29, 25.4, 100301, 86.19130509899904,  [-41, 1016, 156], [-106, -351, -190]
14:25:30, 25.4, 100300, 85.10005223592175,  [3, 1026, 182], [-104, -357, -190]
14:25:30, 25.4, 100301, 86.10735850503349,  [1, 1024, 169], [-102, -357, -187]
14:25:30, 25.5, 100297, 85.35186965516436,  [-21, 1022, 172], [-99, -360, -186]
14:25:30, 25.5, 100297, 86.19130509899904,  [2, 1014, 175], [-93, -362, -183]
14:25:30, 25.5, 100298, 86.10735850503349,  [-32, 1020, 184], [-84, -365, -183]
14:25:31, 25.5, 100307, 84.7643051628709,  [19, 1033, 178], [-86, -360, -176]
14:25:31, 25.6, 100313, 85.18399069808379,  [-10, 1017, 164], [-94, -361, -184]
14:25:31, 25.6, 100308, 86.86290225004173,  [-21, 1019, 186], [-89, -358, -176]
14:25:31, 25.6, 100310, 84.51250197210659,  [-9, 1010, 199], [-91, -359, -185]
14:25:31, 25.7, 100323, 84.59643569152621,  [-23, 1023, 258], [-89, -359, -184]
14:25:32, 25.6, 100285, 84.59643569152621,  [-39, 1011, 209], [-89, -361, -181]
14:25:32, 25.6, 100307, 84.7643051628709,  [-56, 1013, 164], [-92, -356, -185]
14:25:32, 25.6, 100303, 84.51250197210659,  [-92, 1004, 170], [-90, -360, -184]
14:25:32, 25.6, 100313, 85.10005223592175,  [-35, 997, 207], [-89, -357, -182]
14:25:32, 25.7, 100331, 83.50535017944443,  [2, 1019, 205], [-86, -357, -181]
14:25:33, 25.7, 100335, 83.58927576984618,  [2, 1006, 217], [-90, -362, -181]
14:25:33, 25.7, 100326, 83.75712898271219,  [13, 1008, 215], [-91, -360, -182]
14:25:33, 25.7, 100322, 84.00891388235453,  [-12, 996, 216], [-87, -357, -176]
14:25:33, 25.7, 100314, 84.7643051628709,  [12, 986, 241], [-88, -359, -174]
14:25:33, 25.7, 100317, 84.26070487871105,  [-42, 1007, 156], [-93, -356, -180]
14:25:34, 25.7, 100322, 83.75712898271219,  [29, 1010, 203], [-83, -358, -171]
14:25:34, 25.7, 100317, 84.84824091482058,  [5, 1003, 212], [-64, -362, -156]
14:25:34, 25.7, 100300, 85.85552278939295,  [-43, 883, -13], [-44, -357, -83]
14:25:34, 25.7, 100300, 86.52709825228943,  [-95, 967, 43], [-16, -366, -50]
14:25:34, 25.7, 100288, 86.52709825228943,  [36, 1002, 50], [60, -362, -34]
14:25:35, 25.7, 100291, 86.94685494402387,  [-15, 1012, 62], [72, -363, -39]
14:25:35, 25.7, 100288, 86.94685494402387,  [13, 1023, 72], [57, -366, -37]
14:25:35, 25.7, 100301, 85.6876357007205,  [-81, 956, 40], [-17, -372, -81]
14:25:35, 25.7, 100294, 85.6876357007205,  [-45, 978, 97], [9, -373, -69]
14:25:35, 25.7, 100294, 86.52709825228943,  [-83, 989, 74], [47, -373, -72]
14:25:36, 25.7, 100288, 86.69499889556232,  [-75, 1006, 130], [109, -366, -64]
14:25:36, 25.7, 100290, 87.11476236550749,  [-138, 1009, 96], [141, -357, -57]
14:25:36, 25.8, 100279, 87.36662858175268,  [-78, 1038, 185], [187, -357, -90]
14:25:36, 25.8, 100291, 87.1987170930434,  [-114, 1020, 197], [138, -364, -62]
14:25:36, 25.7, 100277, 88.03830165362588,  [59, 1071, 141], [71, -370, -48]
14:25:37, 25.7, 100280, 87.36662858175268,  [-7, 1051, 100], [23, -370, -42]
14:25:37, 25.8, 100280, 87.45058534295556,  [5, 1008, 125], [27, -364, -42]
14:25:37, 25.8, 100272, 87.36662858175268,  [-29, 977, 130], [38, -363, -38]
14:25:37, 25.8, 100276, 87.78641916701629,  [73, 1097, 86], [30, -375, -39]
14:25:37, 25.8, 100283, 87.45058534295556,  [143, 1047, 47], [2, -344, -31]
14:25:38, 25.8, 100278, 86.52709825228943,  [109, 1025, 76], [114, -352, -77]
14:25:38, 25.8, 100285, 87.11476236550749,  [53, 1026, 81], [33, -432, -49]
14:25:38, 25.9, 100293, 86.2752523706961,  [60, 978, 72], [-109, -442, -4]
14:25:38, 25.9, 100294, 86.02341258878468,  [94, 1010, 103], [-247, -456, 41]
14:25:38, 25.9, 100293, 85.85552278939295,  [131, 1017, 69], [-517, -370, 147]
14:25:39, 26.0, 100322, 84.68037008844108,  [91, 1107, 149], [-148, -322, 0]
14:25:39, 26.0, 100312, 84.00891388235453,  [188, 1101, 40], [-113, -356, -11]
14:25:39, 26.0, 100332, 83.0018108607334,  [229, 892, 24], [-257, -312, 0]
14:25:39, 24.4, 99866, 128.75547974450302,  [374, 709, 60], [-440, -194, -175]
14:25:39, 16.8, 101359, -7.573418200138087,  [493, 854, 281], [-407, -170, -384]
14:25:40, 16.0, 101173, 6.829117551249595,  [646, 751, 327], [-413, -130, -414]
14:25:40, 26.0, 100278, 87.28267249845354,  [548, 831, 180], [-294, -202, -493]
14:25:40, 26.1, 100293, 86.69499889556232,  [416, 915, 218], [-260, -224, -497]
14:25:40, 26.1, 100291, 86.2752523706961,  [352, 919, 238], [-270, -231, -484]
14:25:40, 26.1, 100332, 84.09284353704373,  [317, 890, 268], [-249, -235, -490]
14:25:41, 26.0, 100284, 86.94685494402387,  [177, 934, 344], [-192, -245, -520]
14:25:41, 26.0, 100273, 88.54208493315511,  [69, 967, 381], [-129, -251, -538]
14:25:41, 26.0, 100265, 88.45811935812557,  [107, 946, 389], [-140, -234, -548]
14:25:41, 25.9, 100260, 88.45811935812557,  [183, 932, 399], [-198, -215, -548]
14:25:41, 25.9, 100247, 90.05358124598496,  [218, 916, 429], [-187, -218, -543]
14:25:42, 25.9, 100240, 90.30551866242614,  [291, 905, 439], [-179, -213, -554]
14:53:04, 26.0, 100267, 88.29019024223054,  [209, 914, 479], [-181, -209, -557]
14:53:04, 26.0, 100275, 88.79398572673426,  [206, 907, 495], [-178, -203, -566]
14:53:04, 26.0, 100288, 87.1987170930434,  [222, 858, 503], [-181, -193, -564]
14:53:04, 26.0, 100263, 88.29019024223054,  [209, 865, 533], [-183, -183, -574]
14:53:04, 26.0, 100275, 88.20622670134537,  [237, 742, 584], [-176, -179, -581]
14:53:05, 25.9, 100247, 90.72542792324177,  [208, 863, 478], [-224, -178, -561]
14:53:05, 25.9, 100257, 89.3817779794768,  [217, 849, 550], [-163, -153, -603]
14:53:05, 25.9, 100275, 87.28267249845354,  [131, 857, 604], [-135, -146, -619]
14:53:05, 25.9, 100288, 86.69499889556232,  [120, 817, 613], [-130, -143, -619]
14:53:05, 25.7, 100264, 87.9543401467768,  [188, 811, 664], [-162, -145, -611]
14:53:06, 25.6, 100264, 88.79398572673426,  [269, 762, 686], [-180, -121, -618]
14:53:06, 25.6, 100276, 87.1987170930434,  [274, 762, 623], [-219, -117, -599]
14:53:06, 24.9, 100175, 100.64021291180518,  [494, 656, 654], [-348, -40, -548]
14:53:06, 25.3, 100330, -67.79806639304444,  [719, 644, 544], [-375, -3, -535]
14:53:06, 12.7, 101149, 45.97462719001424,  [696, 584, 542], [-389, -1, -520]
14:53:07, 10.0, 100756, 47.98177332266108,  [737, 583, 515], [-404, -8, -501]
14:53:07, 10.1, 100833, 38.61840122264606,  [733, 594, 487], [-400, -18, -503]
14:53:07, 24.1, 100184, 90.05358124598496,  [559, 678, 485], [-335, -32, -565]
14:53:07, 25.7, 100297, 86.2752523706961,  [480, 617, 719], [-162, 3, -668]
14:53:07, 25.8, 100303, 85.60369317287818,  [206, 561, 790], [-36, 16, -688]
14:53:08, 25.8, 100312, 85.18399069808379,  [165, 552, 835], [-46, 26, -691]
14:53:08, 25.8, 100313, 84.68037008844108,  [215, 503, 827], [-61, 59, -690]
14:53:08, 25.8, 100319, 84.09284353704373,  [175, 427, 956], [-46, 81, -695]
14:53:08, 25.8, 100306, 85.35186965516436,  [119, 452, 934], [-124, 110, -686]
14:53:08, 25.8, 100304, 85.10005223592175,  [393, 363, 906], [-251, 125, -635]
14:53:09, 25.7, 100313, 84.68037008844108,  [523, 363, 885], [-284, 104, -616]
14:53:09, 25.7, 100309, 85.18399069808379,  [497, 413, 835], [-267, 58, -630]
14:53:09, 25.7, 100303, 85.35186965516436,  [484, 481, 767], [-314, 27, -595]
14:53:09, 25.7, 100310, 85.10005223592175,  [550, 547, 730], [-331, 14, -579]
14:53:09, 25.7, 100300, 85.85552278939295,  [540, 548, 689], [-307, 1, -595]
14:53:10, 25.7, 100301, 86.19130509899904,  [574, 582, 715], [-290, -5, -603]
14:53:10, 25.7, 100291, 86.94685494402387,  [833, 533, 650], [-210, -44, -635]
14:53:10, 25.7, 100303, 85.4358101501124,  [336, 596, 707], [-110, -70, -659]
14:53:10, 25.7, 100294, 86.52709825228943,  [181, 673, 715], [-142, -76, -648]
14:53:10, 25.7, 100294, 86.19130509899904,  [335, 702, 605], [-251, -83, -601]
14:53:11, 25.7, 100291, 85.85552278939295,  [403, 673, 669], [-256, -73, -605]
14:53:11, 25.6, 100286, 88.79398572673426,  [391, 684, 589], [-285, -71, -585]
14:53:11, 16.6, 102325, 16.91441482387447,  [592, 696, 594], [-395, -17, -508]
14:53:11, 13.5, 101473, 129.26124067935606,  [715, 540, 615], [-376, 10, -538]
14:53:11, 25.6, 100282, 85.60369317287818,  [767, 541, 633], [-288, -6, -605]
14:53:12, 25.8, 100306, 85.35186965516436,  [597, 469, 767], [-261, 25, -624]
14:53:12, 25.7, 100294, 86.69499889556232,  [641, 483, 687], [-292, 36, -610]
14:53:12, 25.6, 100279, 84.84824091482058,  [597, 502, 653], [-354, 62, -565]
14:53:12, 12.2, 100000, 149.00515140126765,  [711, 545, 573], [-388, 42, -514]
14:53:12, 8.5, 99753, 71.00799974296233,  [672, 540, 571], [-381, 29, -532]
14:53:13, 25.1, 100213, 92.15324627828137,  [551, 627, 703], [-341, 8, -573]
14:53:13, 25.7, 100297, 85.35186965516436,  [516, 566, 750], [-287, -10, -606]
14:53:13, 25.7, 100314, 85.18399069808379,  [399, 576, 762], [-273, -17, -612]
14:53:13, 25.7, 100313, 84.93217734429999,  [469, 678, 781], [-210, -64, -628]
14:53:13, 25.7, 100309, 84.84824091482058,  [385, 643, 796], [-264, -55, -602]
14:53:14, 24.6, 102398, 10.828728140466449,  [487, 585, 722], [-404, -32, -491]
14:53:14, 14.9, 99796, 93.24523969696531,  [546, 616, 476], [-428, -50, -451]
14:53:14, 12.2, 100439, 57.939595473424156,  [701, 618, 406], [-418, -54, -462]
14:53:14, 13.4, 100161, 58.107035280795245,  [864, 627, 478], [-417, -56, -462]
14:53:14, 10.3, 101020, 9.495353962432844,  [610, 756, 465], [-376, -100, -486]
14:53:15, 10.6, 101085, 4.996475810792922,  [612, 738, 496], [-382, -112, -477]
14:53:15, 25.6, 100297, 85.85552278939295,  [374, 824, 577], [-208, -181, -567]
14:53:15, 25.6, 100307, 84.59643569152621,  [-38, 837, 286], [-45, -215, -588]
14:53:15, 25.6, 100313, 84.34463656570887,  [-125, 837, 486], [-60, -192, -603]
14:53:15, 25.6, 100304, 84.84824091482058,  [-76, 855, 565], [-72, -168, -617]
14:53:16, 25.6, 100311, 84.84824091482058,  [48, 827, 742], [-160, -104, -634]
14:53:16, 25.6, 100316, 83.75712898271219,  [152, 637, 848], [-164, -2, -667]
14:53:16, 25.6, 100325, 84.00891388235453,  [312, 515, 730], [-243, 59, -639]
14:53:16, 25.5, 100298, 86.19130509899904,  [320, 472, 878], [-255, 119, -631]
14:53:16, 25.6, 100324, 83.67320203759553,  [313, 236, 986], [-223, 190, -638]
14:53:17, 25.6, 100326, 83.0018108607334,  [266, 157, 1033], [-213, 243, -626]
14:53:17, 25.6, 100343, 81.91089264230538,  [236, 29, 1104], [-189, 289, -613]
14:53:17, 25.6, 100337, 82.49829592358346,  [242, -26, 1051], [-170, 283, -622]
14:53:17, 25.5, 100335, 82.49829592358346,  [115, -28, 1051], [-166, 305, -615]
14:53:17, 25.5, 100335, 82.91789001144997,  [173, -33, 1067], [-180, 292, -614]
14:53:18, 25.4, 100319, 86.35920032013449,  [328, 115, 1117], [-252, 187, -619]
14:53:18, 24.7, 100266, 85.51975132267876,  [375, 293, 943], [-371, 23, -541]
14:53:18, 12.1, 99343, 148.58288025733634,  [598, 476, 605], [-431, -5, -469]
14:53:18, 11.7, 99288, 185.38488265516767,  [739, 547, 483], [-428, 17, -471]
14:53:18, 13.1, 98780, 220.7870218152957,  [766, 532, 489], [-437, 17, -458]
14:53:19, 22.7, 99630, 89.88562635984493,  [759, 523, 469], [-454, 43, -444]
14:53:19, 25.5, 100301, 86.10735850503349,  [821, 509, 474], [-466, 46, -419]
14:53:19, 20.0, 98822, 206.93438445606793,  [838, 524, 448], [-481, 21, -386]
14:53:19, 19.7, 98821, 206.0851316373583,  [825, 566, 377], [-475, -8, -383]
14:53:19, 20.1, 98907, 199.6330820208826,  [751, 585, 334], [-473, -25, -379]
14:53:20, 16.4, 99147, 163.03431277116235,  [772, 664, 357], [-440, -69, -423]
14:53:20, 14.1, 99579, 152.89085191694977,  [688, 690, 421], [-431, -84, -431]
14:53:20, 22.5, 100036, 87.70245969409011,  [870, 693, 525], [-326, -100, -541]
14:53:20, 25.5, 100288, 86.69499889556232,  [332, 779, 692], [-178, -114, -625]
14:53:20, 25.6, 100313, 83.58927576984618,  [175, 798, 737], [-92, -132, -633]
14:53:21, 25.5, 100301, 85.4358101501124,  [-46, 812, 700], [-82, -150, -624]
14:53:21, 25.5, 100297, 86.44314894732898,  [-16, 797, 723], [-97, -133, -631]
14:53:21, 25.5, 100326, 82.24654759726705,  [-73, 802, 728], [-49, -134, -640]
14:53:21, 25.6, 100338, 82.33046302886711,  [-130, 792, 647], [-16, -132, -642]
14:53:21, 25.5, 100330, 83.75712898271219,  [-187, 766, 640], [-23, -111, -650]
14:53:22, 25.5, 100320, 83.67320203759553,  [-195, 747, 752], [-8, -101, -657]
14:53:22, 25.4, 100308, 85.26792983782477,  [-14, 790, 726], [-69, -115, -645]
14:53:22, 25.2, 100279, 87.87037931791022,  [-106, 669, 811], [-147, -135, -620]
14:53:22, 25.2, 100284, 86.86290225004173,  [326, 771, 628], [-276, -114, -573]
14:53:22, 17.2, 101187, 76.70962571802184,  [623, 746, 402], [-371, -135, -463]
14:53:23, 14.6, 99340, 239.2576502905268,  [694, 790, 302], [-375, -159, -439]
14:53:23, 21.3, 99344, 151.20123822541848,  [424, 787, 404], [-349, -178, -454]
14:53:23, 12.5, 101567, -20.7928978784489,  [408, 807, 400], [-372, -146, -456]
14:53:23, 14.2, 98990, 224.6997062873955,  [618, 757, 420], [-434, -47, -437]
14:53:23, 19.7, 98814, 208.97287503947476,  [901, 639, 399], [-474, 18, -396]
14:53:24, 19.5, 98710, 220.53189803210867,  [755, 546, 412], [-471, -5, -394]
14:53:24, 19.4, 98692, 221.72252940900688,  [718, 569, 366], [-467, -10, -397]
14:53:24, 19.2, 98664, 220.53189803210867,  [769, 554, 381], [-466, -12, -396]
14:53:24, 19.6, 98785, 211.77645410264103,  [771, 603, 378], [-466, -16, -389]
14:53:24, 20.3, 98960, 206.6796013075043,  [808, 575, 373], [-471, -41, -371]
14:53:25, 11.3, 100950, 176.15097106076098,  [671, 791, 456], [-384, -129, -449]
14:53:25, 25.5, 100274, 88.71001811744715,  [335, 832, 490], [-174, -211, -555]
14:53:25, 25.5, 100282, 86.86290225004173,  [-76, 877, 515], [-43, -220, -577]
14:53:25, 25.6, 100277, 87.1987170930434,  [-20, 906, 441], [-117, -242, -543]
14:53:25, 25.5, 100283, 87.36662858175268,  [296, 931, 341], [-222, -241, -483]
14:53:26, 25.0, 100194, 137.3567665028503,  [321, 897, 340], [-347, -188, -443]
14:53:26, 13.2, 101139, 15.747021204207757,  [463, 856, 375], [-393, -151, -419]
14:53:26, 14.9, 101059, 28.762522864421356,  [539, 795, 289], [-416, -129, -406]
14:53:26, 13.0, 101038, 22.669910309403043,  [637, 807, 356], [-403, -113, -432]
14:53:26, 16.1, 99341, 170.0560099355612,  [604, 751, 313], [-440, -74, -402]
14:53:27, 11.4, 100259, 65.89596380775197,  [568, 708, 468], [-407, -47, -474]
14:53:27, 20.0, 99001, 160.92027425984577,  [756, 590, 371], [-499, 57, -334]
14:53:27, 23.4, 99633, 140.64737711243788,  [1026, 399, 169], [-518, 151, -253]
14:53:27, 23.3, 99578, 146.13404620840652,  [918, 391, 134], [-509, 55, -308]
14:53:27, 21.8, 99341, 157.11608953151895,  [900, 623, 279], [-472, -76, -333]
14:53:28, 23.0, 99546, 146.97840650726246,  [778, 663, 421], [-502, -37, -273]
14:53:28, 23.9, 99730, 132.54928711764944,  [906, 570, 429], [-512, -17, -235]
14:53:28, 23.5, 99608, 144.192278036631,  [867, 545, 397], [-503, -16, -272]
14:53:28, 23.2, 99553, 146.72509120835466,  [785, 497, 416], [-507, -4, -279]
14:53:28, 23.5, 99652, 137.3567665028503,  [813, 563, 428], [-496, -64, -233]
14:53:29, 25.0, 100125, 92.65722898853674,  [914, 681, 402], [-477, -113, -137]
14:53:29, 25.2, 100111, 102.91018020978508,  [701, 752, 208], [-466, -137, -170]
14:53:29, 24.1, 99821, 125.55289883878221,  [635, 709, 256], [-401, -228, -181]
14:53:29, 24.2, 99822, 126.73268220464016,  [530, 827, 303], [-421, -201, -193]
14:53:29, 24.3, 99843, 123.69922419890304,  [599, 787, 368], [-431, -192, -170]
14:53:30, 24.4, 99833, 126.81695757213797,  [590, 789, 237], [-436, -179, -184]
14:53:30, 24.5, 99853, 118.2243895158913,  [641, 800, 307], [-446, -173, -188]
14:53:30, 24.9, 99925, 121.7616451842437,  [615, 812, 308], [-424, -203, -188]
14:53:30, 24.4, 99808, 127.82831531246136,  [571, 841, 317], [-423, -204, -199]
14:53:30, 24.3, 99775, 129.34553656255238,  [521, 843, 333], [-430, -198, -211]
14:53:31, 24.7, 99879, 117.63496396328557,  [617, 728, 361], [-435, -184, -162]
14:53:31, 24.9, 99943, 114.35163352850695,  [395, 837, 225], [-377, -226, -79]
14:53:31, 26.4, 100335, 82.91789001144997,  [363, 1029, -51], [-260, -231, -54]
14:53:31, 26.4, 100337, 82.66613152707012,  [240, 1127, -177], [-348, -222, -79]
14:53:31, 26.4, 100335, 82.66613152707012,  [208, 1048, -73], [-303, -258, -52]
14:53:32, 26.4, 100339, 82.33046302886711,  [47, 1013, -1], [-317, -235, -51]
14:53:32, 26.4, 100336, 82.75005034463064,  [6, 1102, -50], [-307, -198, -23]
14:53:32, 26.3, 100337, 82.41437913763761,  [4, 1025, -37], [-298, -172, -7]
14:53:32, 26.3, 100336, 82.41437913763761,  [47, 1036, -26], [-319, -157, 1]
14:53:32, 26.3, 100340, 91.22934142325923,  [-29, 1084, -11], [-355, -154, 40]
14:53:33, 26.3, 100342, 82.33046302886711,  [-13, 1057, -28], [-353, -154, 41]
14:53:33, 26.3, 100345, 82.66613152707012,  [-24, 997, -37], [-295, -187, -9]
14:53:33, 26.3, 100337, 82.66613152707012,  [61, 1022, -24], [-281, -214, -17]
14:53:33, 26.3, 100340, 82.75005034463064,  [-132, 1000, -50], [-304, -163, 3]
14:53:33, 26.3, 100331, 83.0018108607334,  [-50, 996, -88], [-295, -177, 17]
14:53:34, 26.3, 100340, 82.41437913763761,  [-61, 1000, -105], [-379, -128, 42]
14:53:34, 26.3, 100340, 82.66613152707012,  [-21, 1019, -92], [-558, -130, 96]
14:53:34, 26.3, 100334, 82.0787187655241,  [-63, 1017, -63], [-654, -282, 138]
14:53:34, 26.3, 100353, 82.16263284282266,  [4, 953, -54], [-613, -369, 125]
14:53:34, 26.3, 100353, 80.82008885492208,  [26, 1001, -79], [-526, -427, 95]
14:53:35, 26.3, 100345, 81.0718026506599,  [21, 967, -31], [-403, -441, 53]
14:53:35, 26.3, 100349, 81.4913391834099,  [53, 988, -64], [-304, -417, 14]
14:53:35, 26.3, 100348, 81.4913391834099,  [49, 955, -31], [-240, -417, -12]
14:53:35, 26.3, 100353, 80.82008885492208,  [16, 934, -46], [-108, -412, -52]
14:53:35, 26.3, 100349, 80.98789737511034,  [7, 1020, -95], [-20, -317, -92]
14:53:36, 26.3, 100353, 81.2396152327191,  [110, 1118, -193], [-116, -353, -49]
14:53:36, 26.3, 100356, 81.4913391834099,  [6, 1059, -150], [-121, -342, -46]
14:53:36, 26.3, 100352, 81.2396152327191,  [21, 1106, -131], [-87, -343, -56]
14:53:36, 26.3, 100368, 80.31667954071895,  [-16, 1127, -74], [-82, -343, -51]
14:53:36, 26.3, 100372, 79.89719039305264,  [-89, 1088, -86], [-107, -346, -45]
14:53:37, 26.3, 100368, 79.4777181657292,  [164, 980, -88], [-127, -351, -46]
14:53:37, 26.3, 100366, 79.98108686891044,  [42, 829, -76], [-108, -299, -61]
14:53:37, 26.3, 100366, 79.98108686891044,  [-37, 986, -87], [-127, -354, -43]
14:53:37, 26.3, 100362, 80.31667954071895,  [26, 1017, -57], [-101, -339, -50]
14:53:37, 26.3, 100364, 80.23278035748365,  [-16, 1018, -66], [-85, -347, -57]
14:53:38, 26.2, 100362, 81.32352253925828,  [16, 923, -93], [-83, -335, -49]
14:53:38, 26.1, 100322, 84.68037008844108,  [-11, 1010, -51], [-85, -336, -49]
14:53:38, 26.1, 100306, 84.93217734429999,  [-38, 1029, -60], [-87, -335, -50]
14:53:38, 26.1, 100309, 84.09284353704373,  [9, 1042, -48], [-90, -337, -47]
14:53:38, 26.1, 100332, 82.83396983942063,  [29, 1022, -80], [-85, -335, -49]
14:53:39, 26.2, 100325, 82.58221338672435,  [52, 1020, -48], [-91, -332, -53]
14:53:39, 26.1, 100318, 82.83396983942063,  [2, 1019, -61], [-90, -337, -51]
14:53:39, 26.2, 100325, 82.58221338672435,  [12, 1021, -46], [-90, -336, -52]
14:53:39, 26.1, 100325, 83.58927576984618,  [10, 1021, -52], [-92, -338, -55]
14:53:40, 26.2, 100339, 83.84105660520106,  [11, 1020, -48], [-91, -341, -50]
14:53:40, 26.2, 100334, 82.66613152707012,  [26, 1020, -44], [-92, -336, -52]
14:53:40, 26.2, 100336, 82.75005034463064,  [15, 1018, -63], [-89, -337, -53]
14:53:40, 26.2, 100340, 83.50535017944443,  [19, 1018, -52], [-90, -341, -51]
14:53:40, 26.2, 100332, 84.09284353704373,  [20, 1016, -55], [-92, -335, -57]
14:53:41, 26.2, 100334, 82.83396983942063,  [20, 1017, -52], [-92, -338, -50]
14:53:41, 26.2, 100332, 83.0018108607334,  [27, 1019, -51], [-93, -334, -52]
14:53:41, 26.2, 100324, 83.58927576984618,  [21, 1019, -61], [-91, -339, -52]
14:53:41, 26.2, 100322, 83.67320203759553,  [22, 1021, -59], [-90, -334, -51]
14:53:41, 26.2, 100322, 83.67320203759553,  [23, 1021, -56], [-93, -337, -52]
14:53:42, 26.2, 100335, 83.92498490507693,  [19, 1020, -51], [-89, -338, -51]
14:53:42, 26.2, 100324, 83.58927576984618,  [24, 1021, -55], [-91, -335, -52]
14:53:42, 26.2, 100331, 83.50535017944443,  [25, 1020, -54], [-94, -337, -53]
14:53:42, 26.2, 100321, 83.58927576984618,  [19, 1020, -53], [-93, -335, -54]
14:53:42, 26.2, 100331, 83.67320203759553,  [25, 1017, -62], [-92, -339, -53]
14:53:43, 26.2, 100322, 82.75005034463064,  [22, 1019, -54], [-94, -339, -52]
14:53:43, 26.2, 100321, 84.17677386915929,  [18, 1016, -60], [-91, -338, -53]
14:53:43, 26.3, 100345, 82.41437913763761,  [24, 1020, -53], [-93, -333, -53]
14:53:43, 26.2, 100325, 83.58927576984618,  [19, 1018, -54], [-91, -336, -51]
14:53:43, 26.2, 100331, 84.34463656570887,  [15, 1017, -51], [-90, -333, -52]
14:53:44, 26.2, 100315, 83.0018108607334,  [19, 1019, -56], [-90, -334, -52]
14:53:44, 26.2, 100316, 83.92498490507693,  [22, 1020, -55], [-92, -333, -53]
14:53:44, 26.2, 100305, 83.50535017944443,  [21, 1020, -50], [-91, -337, -53]
14:53:44, 26.2, 100316, 84.34463656570887,  [23, 1019, -53], [-91, -337, -50]
14:53:44, 26.2, 100316, 83.92498490507693,  [19, 1017, -52], [-92, -338, -53]
14:53:45, 26.2, 100309, 84.4285689301724,  [19, 1016, -50], [-88, -338, -49]
14:53:45, 26.2, 100321, 84.34463656570887,  [22, 1016, -54], [-90, -335, -54]
14:53:45, 26.2, 100322, 84.09284353704373,  [19, 1018, -54], [-89, -336, -52]
14:53:45, 26.2, 100325, 84.68037008844108,  [16, 1019, -60], [-91, -338, -50]
14:53:45, 26.2, 100319, 84.17677386915929,  [20, 1017, -56], [-96, -336, -51]
14:53:46, 26.2, 100319, 83.84105660520106,  [21, 1018, -52], [-88, -338, -52]
14:53:46, 26.2, 100316, 83.67320203759553,  [25, 1020, -47], [-88, -335, -54]
14:53:46, 26.2, 100313, 84.68037008844108,  [21, 1019, -56], [-90, -339, -51]
14:53:46, 26.2, 100315, 84.59643569152621,  [19, 1020, -61], [-89, -336, -52]
14:53:46, 26.2, 100312, 84.4285689301724,  [24, 1020, -54], [-91, -336, -55]
14:53:47, 26.2, 100316, 84.09284353704373,  [26, 1020, -44], [-91, -335, -53]
14:53:47, 26.2, 100319, 84.34463656570887,  [22, 1018, -54], [-92, -337, -50]
14:53:47, 26.2, 100318, 84.17677386915929,  [4, 1019, -62], [-89, -340, -50]
14:53:47, 26.2, 100315, 84.34463656570887,  [15, 1024, -45], [-92, -335, -47]
14:53:47, 26.2, 100316, 84.09284353704373,  [-2, 1017, -33], [-90, -337, -48]
14:53:48, 26.2, 100315, 84.17677386915929,  [6, 1019, -36], [-93, -339, -53]
14:53:48, 26.2, 100310, 84.59643569152621,  [36, 1016, -53], [-93, -339, -55]
14:53:48, 26.3, 100306, 84.4285689301724,  [21, 1019, -71], [-90, -339, -55]
14:53:48, 26.3, 100308, 84.4285689301724,  [50, 1008, -72], [-91, -339, -53]
14:53:48, 26.3, 100309, 85.18399069808379,  [24, 1016, -62], [-92, -336, -53]
14:53:49, 26.3, 100312, 85.4358101501124,  [23, 1016, -57], [-94, -338, -55]
14:53:49, 26.3, 100306, 84.93217734429999,  [32, 1023, -43], [-90, -337, -54]
14:53:49, 26.3, 100303, 84.93217734429999,  [22, 1023, -25], [-91, -341, -52]
14:53:49, 26.3, 100309, 84.59643569152621,  [8, 999, -25], [-89, -339, -53]
14:53:49, 26.3, 100308, 85.4358101501124,  [-4, 982, -44], [-94, -337, -53]
14:53:50, 26.3, 100305, 85.26792983782477,  [-83, 1005, -75], [-100, -335, -60]
14:53:50, 26.3, 100306, 85.26792983782477,  [-33, 1013, -28], [-99, -336, -63]
14:53:50, 26.3, 100305, 85.4358101501124,  [-3, 1017, -17], [-99, -336, -60]
14:53:50, 26.4, 100303, 84.84824091482058,  [9, 1017, -20], [-99, -337, -59]
14:53:50, 26.4, 100315, 84.68037008844108,  [23, 1019, -25], [-100, -337, -63]
14:53:51, 26.4, 100306, 84.7643051628709,  [17, 1020, -42], [-101, -335, -59]
14:53:51, 26.4, 100308, 84.93217734429999,  [15, 1016, -44], [-97, -335, -58]
14:53:51, 26.4, 100309, 85.18399069808379,  [17, 1017, -50], [-100, -336, -58]
14:53:51, 26.4, 100315, 85.7715789062205,  [15, 1018, -50], [-98, -336, -61]
14:53:51, 26.4, 100297, 85.26792983782477,  [22, 1018, -42], [-100, -334, -61]
14:53:52, 26.4, 100309, 84.7643051628709,  [20, 1021, -45], [-100, -343, -60]
14:53:52, 26.4, 100311, 85.26792983782477,  [20, 1020, -48], [-97, -333, -62]
14:53:52, 26.4, 100308, 84.4285689301724,  [23, 1019, -52], [-99, -340, -61]
14:53:52, 26.5, 100315, 84.51250197210659,  [17, 1022, -49], [-97, -337, -61]
14:53:52, 26.5, 100305, 84.51250197210659,  [19, 1019, -51], [-101, -336, -59]
14:53:53, 26.5, 100305, 85.26792983782477,  [23, 1018, -51], [-97, -337, -62]
14:53:53, 26.5, 100306, 84.93217734429999,  [19, 1017, -50], [-97, -339, -62]
14:53:53, 26.5, 100314, 84.51250197210659,  [22, 1019, -48], [-97, -338, -60]
14:53:53, 26.5, 100305, 85.18399069808379,  [22, 1021, -45], [-100, -337, -63]
14:53:53, 26.5, 100309, 84.51250197210659,  [20, 1016, -45], [-100, -337, -61]
14:53:54, 26.6, 100312, 84.7643051628709,  [15, 1015, -51], [-100, -340, -61]
14:53:54, 26.6, 100309, 85.0161144513337,  [17, 1020, -53], [-97, -335, -60]
14:53:54, 26.6, 100315, 85.0161144513337,  [20, 1022, -47], [-97, -338, -59]
14:53:54, 26.6, 100309, 85.51975132267876,  [21, 1022, -43], [-99, -339, -59]
14:53:54, 26.6, 100308, 84.17677386915929,  [16, 1018, -42], [-99, -337, -61]
14:53:55, 26.6, 100311, 84.68037008844108,  [18, 1015, -45], [-97, -340, -61]
14:53:55, 26.6, 100311, 84.26070487871105,  [22, 1019, -50], [-95, -336, -59]
14:53:55, 26.6, 100311, 85.26792983782477,  [21, 1021, -48], [-95, -338, -64]
14:53:55, 26.7, 100303, 85.26792983782477,  [22, 1020, -53], [-98, -338, -59]
14:53:55, 26.7, 100308, 84.68037008844108,  [21, 1023, -47], [-97, -336, -62]
14:53:56, 26.7, 100308, 84.93217734429999,  [19, 1019, -40], [-99, -335, -59]
14:53:56, 26.7, 100314, 84.4285689301724,  [20, 1016, -37], [-100, -339, -63]
14:53:56, 26.7, 100306, 84.68037008844108,  [17, 1018, -34], [-99, -336, -63]
14:53:56, 26.7, 100314, 85.18399069808379,  [18, 1021, -40], [-97, -335, -62]
14:53:56, 26.7, 100308, 84.51250197210659,  [23, 1016, -47], [-101, -336, -61]
14:53:57, 26.7, 100309, 85.18399069808379,  [20, 1019, -39], [-99, -337, -61]
14:53:57, 26.8, 100317, 84.93217734429999,  [20, 1021, -39], [-101, -340, -61]
14:53:57, 26.8, 100318, 84.7643051628709,  [21, 1019, -46], [-98, -334, -62]
14:53:57, 26.8, 100308, 85.0161144513337,  [18, 1020, -44], [-99, -337, -61]
14:53:57, 26.8, 100309, 84.51250197210659,  [19, 1022, -51], [-102, -339, -58]
14:53:58, 26.8, 100312, 85.18399069808379,  [21, 1024, -52], [-100, -337, -63]
14:53:58, 26.8, 100312, 84.7643051628709,  [18, 1023, -45], [-97, -336, -61]
14:53:58, 26.9, 100314, 84.7643051628709,  [17, 1021, -48], [-99, -338, -61]
14:53:58, 26.9, 100305, 85.0161144513337,  [17, 1021, -45], [-102, -336, -64]
14:53:58, 26.9, 100304, 85.7715789062205,  [19, 1017, -43], [-100, -338, -61]
14:53:59, 26.9, 100315, 84.93217734429999,  [18, 1017, -51], [-99, -335, -61]
14:53:59, 26.9, 100315, 84.4285689301724,  [19, 1019, -50], [-100, -336, -65]
14:53:59, 26.9, 100308, 85.35186965516436,  [22, 1019, -46], [-100, -335, -62]
14:53:59, 26.9, 100309, 85.10005223592175,  [18, 1022, -49], [-101, -335, -61]
14:53:59, 26.9, 100309, 84.93217734429999,  [23, 1019, -53], [-101, -337, -64]
14:54:00, 26.9, 100307, 85.26792983782477,  [15, 1017, -45], [-99, -340, -64]
14:54:00, 27.0, 100315, 84.7643051628709,  [19, 1017, -46], [-101, -334, -64]
14:54:00, 27.0, 100318, 84.7643051628709,  [51, 1018, 49], [-116, -333, -80]
14:54:00, 27.0, 100308, 85.10005223592175,  [20, 1017, 1], [-109, -339, -80]
14:54:00, 27.0, 100308, 85.60369317287818,  [39, 1022, -37], [-112, -337, -78]
14:54:01, 27.0, 100308, 85.0161144513337,  [32, 1018, -48], [-114, -335, -82]
14:54:01, 27.0, 100309, 84.68037008844108,  [25, 1019, -54], [-114, -337, -79]
14:54:01, 27.0, 100304, 84.93217734429999,  [36, 1019, -48], [-113, -337, -77]
14:54:01, 27.0, 100311, 85.35186965516436,  [32, 1015, -40], [-115, -335, -79]
14:54:01, 27.0, 100314, 84.93217734429999,  [29, 1018, -41], [-117, -338, -78]
14:54:02, 27.0, 100311, 85.26792983782477,  [35, 1019, -36], [-114, -338, -78]
14:54:02, 27.0, 100314, 85.35186965516436,  [24, 1019, -38], [-110, -340, -80]
14:54:02, 27.0, 100311, 85.10005223592175,  [27, 1020, -39], [-115, -337, -78]
14:54:02, 27.0, 100315, 84.84824091482058,  [33, 1017, -33], [-110, -338, -80]
14:54:02, 27.0, 100315, 84.68037008844108,  [27, 1019, -32], [-111, -336, -80]
14:54:03, 27.0, 100312, 84.7643051628709,  [31, 1020, -33], [-113, -338, -80]
14:54:03, 27.0, 100317, 84.26070487871105,  [33, 1020, -35], [-113, -338, -79]
14:54:03, 27.1, 100310, 85.0161144513337,  [21, 1019, -40], [-111, -339, -81]
14:54:03, 27.1, 100308, 84.7643051628709,  [31, 1020, -41], [-110, -340, -83]
14:54:03, 27.1, 100305, 84.51250197210659,  [24, 1020, -31], [-110, -337, -81]
14:54:04, 27.1, 100311, 84.17677386915929,  [23, 1022, -36], [-114, -339, -79]
14:54:04, 27.1, 100313, 84.84824091482058,  [29, 1017, -30], [-113, -340, -79]
14:54:04, 27.1, 100320, 85.10005223592175,  [26, 1018, -34], [-110, -340, -78]
14:54:04, 27.2, 100310, 84.84824091482058,  [28, 1022, -38], [-112, -334, -78]
14:54:04, 27.2, 100313, 84.7643051628709,  [32, 1021, -36], [-114, -337, -78]
14:54:05, 27.2, 100310, 85.0161144513337,  [28, 1019, -38], [-113, -337, -79]
14:54:05, 27.2, 100308, 84.34463656570887,  [31, 1017, -42], [-114, -339, -80]
14:54:05, 27.2, 100302, 84.84824091482058,  [32, 1019, -38], [-116, -341, -77]
14:54:05, 27.2, 100308, 84.7643051628709,  [25, 1018, -39], [-114, -337, -80]
14:54:05, 27.3, 100310, 85.0161144513337,  [33, 1019, -39], [-111, -337, -77]
14:54:06, 27.3, 100304, 85.0161144513337,  [30, 1018, -35], [-115, -336, -79]
14:54:06, 27.3, 100307, 84.17677386915929,  [30, 1021, -36], [-111, -336, -78]
14:54:06, 27.3, 100305, 85.10005223592175,  [30, 1019, -39], [-114, -336, -78]
14:54:06, 27.3, 100313, 84.51250197210659,  [30, 1021, -33], [-110, -335, -81]
14:54:06, 27.3, 100317, 84.84824091482058,  [26, 1020, -35], [-114, -336, -79]
14:54:07, 27.3, 100310, 85.10005223592175,  [30, 1022, -38], [-113, -338, -78]
14:54:07, 27.3, 100304, 85.0161144513337,  [32, 1021, -41], [-112, -336, -80]
14:54:07, 27.4, 100310, 85.26792983782477,  [33, 1021, -40], [-115, -336, -81]
14:54:07, 27.4, 100311, 84.7643051628709,  [31, 1022, -39], [-114, -335, -80]
14:54:07, 27.4, 100314, 85.0161144513337,  [30, 1017, -42], [-110, -337, -79]
14:54:08, 27.4, 100317, 85.10005223592175,  [31, 1018, -40], [-113, -335, -83]
14:54:08, 27.4, 100310, 85.0161144513337,  [34, 1019, -37], [-114, -338, -81]
14:54:08, 27.4, 100310, 84.59643569152621,  [30, 1018, -36], [-111, -339, -80]
14:54:08, 27.4, 100311, 84.84824091482058,  [28, 1016, -34], [-114, -336, -80]
14:54:08, 27.4, 100316, 85.6876357007205,  [30, 1019, -34], [-113, -342, -78]
14:54:09, 27.5, 100316, 84.84824091482058,  [26, 1019, -40], [-113, -339, -77]
14:54:09, 27.5, 100316, 84.84824091482058,  [28, 1020, -39], [-111, -333, -79]
14:54:09, 27.5, 100316, 85.0161144513337,  [25, 1020, -39], [-110, -338, -80]
14:54:09, 27.5, 100311, 84.59643569152621,  [24, 1020, -40], [-111, -336, -81]
14:54:09, 27.5, 100310, 84.84824091482058,  [21, 1019, -40], [-111, -337, -80]
14:54:10, 27.5, 100308, 84.7643051628709,  [31, 1021, -38], [-111, -341, -77]
14:54:10, 27.5, 100314, 85.0161144513337,  [31, 1021, -37], [-112, -335, -80]
14:54:10, 27.5, 100310, 84.7643051628709,  [29, 1022, -49], [-112, -338, -80]
14:54:10, 27.5, 100307, 84.7643051628709,  [26, 1020, -45], [-111, -340, -79]
14:54:10, 27.5, 100305, 84.84824091482058,  [27, 1021, -44], [-112, -339, -80]
14:54:11, 27.6, 100308, 85.18399069808379,  [33, 1021, -43], [-113, -339, -76]
14:54:11, 27.5, 100311, 84.51250197210659,  [35, 1018, -40], [-110, -338, -76]
14:54:11, 27.5, 100311, 84.7643051628709,  [30, 1018, -37], [-110, -337, -78]
14:54:11, 27.5, 100305, 85.0161144513337,  [30, 1019, -29], [-112, -341, -77]
14:54:11, 27.5, 100311, 85.60369317287818,  [28, 1019, -31], [-110, -337, -79]
14:54:12, 27.5, 100313, 85.0161144513337,  [33, 1021, -33], [-111, -335, -77]
14:54:12, 27.5, 100316, 84.7643051628709,  [25, 1020, -37], [-111, -338, -77]
14:54:12, 27.5, 100314, 85.35186965516436,  [33, 1022, -43], [-112, -335, -78]
14:54:12, 27.6, 100313, 84.59643569152621,  [31, 1020, -43], [-113, -341, -77]
14:54:12, 27.6, 100307, 84.59643569152621,  [25, 1019, -39], [-110, -339, -78]
14:54:13, 27.6, 100310, 84.7643051628709,  [32, 1019, -39], [-112, -340, -78]
14:54:13, 27.6, 100306, 85.35186965516436,  [35, 1014, -44], [-112, -337, -78]
14:54:13, 27.6, 100308, 84.7643051628709,  [29, 1016, -46], [-115, -338, -80]
14:54:13, 27.6, 100307, 85.35186965516436,  [29, 1019, -38], [-113, -337, -78]
14:54:13, 27.6, 100310, 84.7643051628709,  [23, 1022, -31], [-109, -336, -76]
14:54:14, 27.6, 100314, 84.93217734429999,  [34, 1016, -34], [-111, -339, -79]
14:54:14, 27.7, 100310, 84.84824091482058,  [33, 1015, -37], [-115, -338, -79]
14:54:14, 27.7, 100314, 85.35186965516436,  [28, 1018, -42], [-112, -336, -79]
14:54:14, 27.7, 100309, 84.59643569152621,  [30, 1021, -39], [-113, -335, -77]
14:54:14, 27.7, 100314, 84.84824091482058,  [31, 1020, -41], [-112, -337, -81]
14:54:15, 27.7, 100311, 85.10005223592175,  [33, 1020, -36], [-111, -338, -79]
14:54:15, 27.7, 100307, 85.85552278939295,  [29, 1022, -36], [-113, -335, -80]
14:54:15, 27.7, 100304, 84.93217734429999,  [30, 1022, -39], [-112, -337, -80]
14:54:15, 27.7, 100310, 84.7643051628709,  [27, 1021, -37], [-111, -336, -79]
14:54:15, 27.7, 100310, 85.18399069808379,  [29, 1019, -37], [-111, -339, -79]
14:54:16, 27.7, 100310, 84.68037008844108,  [26, 1019, -39], [-112, -337, -80]
14:54:16, 27.7, 100301, 85.6876357007205,  [31, 1021, -36], [-112, -337, -78]
14:54:16, 27.7, 100314, 84.84824091482058,  [29, 1020, -34], [-113, -337, -78]
14:54:16, 27.7, 100309, 84.84824091482058,  [32, 1021, -37], [-109, -336, -78]
14:54:16, 27.7, 100313, 85.60369317287818,  [31, 1019, -41], [-112, -335, -78]
14:54:17, 27.7, 100311, 84.84824091482058,  [29, 1020, -42], [-112, -337, -78]
14:54:17, 27.7, 100310, 85.10005223592175,  [24, 1018, -38], [-114, -338, -78]
14:54:17, 27.7, 100310, 84.59643569152621,  [27, 1019, -33], [-114, -339, -80]
14:54:17, 27.8, 100307, 85.4358101501124,  [29, 1019, -28], [-112, -336, -79]
14:54:17, 27.8, 100314, 84.59643569152621,  [30, 1016, -35], [-113, -337, -81]
14:54:18, 27.8, 100316, 85.18399069808379,  [33, 1020, -33], [-111, -335, -80]
14:54:18, 27.8, 100317, 85.35186965516436,  [32, 1019, -31], [-111, -339, -78]
14:54:18, 27.8, 100304, 84.68037008844108,  [31, 1020, -37], [-112, -335, -79]
14:54:18, 27.8, 100319, 85.18399069808379,  [29, 1017, -36], [-115, -335, -78]
14:54:18, 27.8, 100303, 84.93217734429999,  [27, 1018, -35], [-113, -340, -82]
14:54:19, 27.8, 100310, 84.68037008844108,  [27, 1014, -38], [-113, -339, -79]
14:54:19, 27.9, 100309, 84.4285689301724,  [29, 1014, -36], [-110, -337, -77]
14:54:19, 27.9, 100301, 85.18399069808379,  [29, 1020, -35], [-112, -335, -82]
14:54:19, 27.9, 100309, 84.68037008844108,  [32, 1020, -34], [-114, -338, -77]
14:54:19, 27.9, 100306, 84.4285689301724,  [28, 1019, -35], [-114, -336, -79]
14:54:20, 27.9, 100307, 84.84824091482058,  [25, 1019, -36], [-112, -336, -80]
14:54:20, 27.9, 100313, 85.35186965516436,  [24, 1018, -38], [-111, -335, -78]
14:54:20, 27.9, 100315, 84.93217734429999,  [29, 1021, -32], [-111, -336, -77]
14:54:20, 27.9, 100312, 85.18399069808379,  [29, 1019, -38], [-113, -340, -78]
14:54:20, 27.9, 100304, 85.6876357007205,  [30, 1021, -37], [-112, -336, -79]
14:54:21, 27.9, 100306, 84.93217734429999,  [28, 1021, -39], [-110, -337, -78]
14:54:21, 27.9, 100304, 85.18399069808379,  [30, 1015, -43], [-111, -337, -80]
14:54:21, 27.9, 100313, 84.68037008844108,  [27, 1018, -37], [-111, -337, -78]
14:54:21, 27.9, 100316, 84.09284353704373,  [30, 1018, -35], [-109, -336, -78]
14:54:21, 27.9, 100315, 84.59643569152621,  [30, 1020, -35], [-110, -338, -79]
14:54:22, 27.9, 100310, 84.34463656570887,  [28, 1022, -37], [-116, -336, -77]
14:54:22, 27.9, 100310, 84.84824091482058,  [31, 1020, -37], [-113, -340, -77]
14:54:22, 28.0, 100310, 85.18399069808379,  [29, 1020, -34], [-112, -335, -80]
14:54:22, 28.0, 100313, 85.18399069808379,  [30, 1022, -31], [-112, -338, -78]
14:54:22, 28.0, 100312, 84.59643569152621,  [24, 1020, -35], [-112, -339, -77]
14:54:23, 28.0, 100318, 84.84824091482058,  [28, 1022, -37], [-113, -337, -81]
14:54:23, 28.0, 100313, 85.35186965516436,  [30, 1019, -35], [-111, -336, -79]
14:54:23, 28.1, 100310, 84.84824091482058,  [32, 1019, -35], [-114, -337, -80]
14:54:23, 28.1, 100315, 84.34463656570887,  [30, 1021, -32], [-113, -335, -82]
14:54:23, 28.1, 100310, 85.10005223592175,  [29, 1021, -38], [-117, -333, -80]
14:54:24, 28.1, 100315, 84.68037008844108,  [27, 1020, -39], [-114, -336, -81]
14:54:24, 28.1, 100309, 84.68037008844108,  [30, 1021, -36], [-113, -334, -80]
14:54:24, 28.1, 100313, 85.6876357007205,  [30, 1021, -32], [-114, -334, -79]
14:54:24, 28.1, 100309, 84.4285689301724,  [33, 1020, -34], [-117, -335, -80]
14:54:24, 28.1, 100316, 84.09284353704373,  [34, 1020, -42], [-116, -336, -80]
14:54:25, 28.1, 100315, 84.93217734429999,  [33, 1019, -38], [-113, -331, -78]
14:54:25, 28.1, 100304, 84.59643569152621,  [28, 1020, -36], [-115, -338, -81]
14:54:25, 28.2, 100312, 84.59643569152621,  [37, 1021, -37], [-112, -335, -77]
14:54:25, 28.2, 100309, 84.34463656570887,  [31, 1019, -35], [-112, -336, -79]
14:54:25, 28.1, 100307, 85.10005223592175,  [30, 1020, -32], [-114, -338, -78]
14:54:26, 28.2, 100310, 85.10005223592175,  [30, 1019, -36], [-112, -334, -78]
14:54:26, 28.2, 100310, 84.84824091482058,  [32, 1020, -38], [-112, -336, -79]
14:54:26, 28.2, 100309, 85.10005223592175,  [34, 1018, -40], [-113, -333, -79]
14:54:26, 28.2, 100303, 85.35186965516436,  [31, 1018, -37], [-112, -337, -81]
14:54:26, 28.2, 100306, 84.84824091482058,  [31, 1021, -36], [-113, -334, -79]
14:54:27, 28.2, 100302, 85.10005223592175,  [33, 1017, -35], [-113, -336, -76]
14:54:27, 28.2, 100318, 84.93217734429999,  [33, 1019, -39], [-111, -335, -80]
14:54:27, 28.2, 100303, 84.93217734429999,  [35, 1022, -40], [-112, -335, -78]
14:54:27, 28.2, 100313, 85.26792983782477,  [28, 1021, -50], [-114, -339, -77]
14:54:27, 28.2, 100315, 84.34463656570887,  [31, 1018, -43], [-114, -335, -80]
14:54:28, 28.2, 100307, 84.34463656570887,  [29, 1017, -46], [-112, -336, -79]
14:54:28, 28.2, 100315, 85.18399069808379,  [31, 1018, -36], [-111, -336, -78]
14:54:28, 28.2, 100312, 85.18399069808379,  [35, 1021, -32], [-110, -336, -81]
14:54:28, 28.2, 100313, 84.84824091482058,  [29, 1019, -33], [-112, -337, -80]
14:54:28, 28.2, 100305, 85.18399069808379,  [33, 1021, -37], [-114, -338, -81]
14:54:29, 28.2, 100307, 84.34463656570887,  [32, 1020, -34], [-115, -333, -77]
14:54:29, 28.2, 100313, 85.18399069808379,  [27, 1021, -33], [-114, -335, -77]
14:54:29, 28.2, 100313, 84.59643569152621,  [28, 1014, -33], [-111, -337, -75]
14:54:29, 28.2, 100305, 84.59643569152621,  [31, 1019, -38], [-110, -336, -77]
14:54:29, 28.2, 100310, 84.68037008844108,  [33, 1022, -37], [-112, -337, -79]
14:54:30, 28.2, 100310, 85.51975132267876,  [29, 1017, -37], [-106, -339, -79]
14:54:30, 28.2, 100313, 84.59643569152621,  [29, 1017, -34], [-112, -338, -79]
14:54:30, 28.2, 100307, 83.92498490507693,  [31, 1017, -37], [-112, -335, -78]
14:54:30, 28.2, 100307, 84.4285689301724,  [33, 1018, -42], [-112, -335, -79]
14:54:30, 28.2, 100312, 84.59643569152621,  [32, 1018, -40], [-112, -335, -76]
14:54:31, 28.2, 100322, 84.17677386915929,  [32, 1018, -40], [-112, -336, -79]
14:54:31, 28.2, 100309, 84.59643569152621,  [29, 1021, -35], [-107, -338, -79]
14:54:31, 28.2, 100305, 84.17677386915929,  [32, 1017, -34], [-114, -336, -81]
14:54:31, 28.2, 100303, 84.93217734429999,  [28, 1018, -36], [-115, -337, -79]
14:54:31, 28.2, 100315, 84.59643569152621,  [27, 1016, -36], [-113, -339, -78]
14:54:32, 28.3, 100313, 84.59643569152621,  [32, 1020, -39], [-110, -335, -80]
14:54:32, 28.3, 100315, 84.59643569152621,  [29, 1020, -34], [-114, -337, -81]
14:54:32, 28.3, 100315, 85.18399069808379,  [32, 1018, -35], [-114, -338, -79]
14:54:32, 28.3, 100307, 84.34463656570887,  [28, 1021, -33], [-111, -333, -77]
14:54:32, 28.2, 100306, 84.68037008844108,  [31, 1019, -31], [-111, -337, -78]
14:54:33, 28.3, 100316, 84.84824091482058,  [32, 1023, -33], [-110, -336, -78]
14:54:33, 28.3, 100312, 84.4285689301724,  [34, 1019, -32], [-111, -339, -78]
14:54:33, 28.3, 100312, 84.59643569152621,  [29, 1017, -35], [-112, -337, -78]
14:54:33, 28.3, 100310, 83.92498490507693,  [34, 1017, -37], [-109, -336, -78]
14:54:33, 28.3, 100319, 84.17677386915929,  [34, 1020, -36], [-114, -337, -79]
14:54:34, 28.3, 100312, 84.59643569152621,  [29, 1021, -36], [-109, -331, -78]
14:54:34, 28.3, 100310, 84.4285689301724,  [31, 1019, -37], [-111, -334, -78]
14:54:34, 28.3, 100318, 85.0161144513337,  [32, 1022, -37], [-111, -338, -80]
14:54:34, 28.3, 100316, 84.59643569152621,  [32, 1018, -34], [-109, -339, -79]
14:54:34, 28.4, 100313, 84.59643569152621,  [28, 1018, -32], [-110, -336, -75]
14:54:35, 28.4, 100308, 83.92498490507693,  [28, 1018, -36], [-114, -337, -75]
14:54:35, 28.4, 100318, 84.4285689301724,  [28, 1017, -38], [-113, -338, -77]
14:54:35, 28.4, 100312, 85.18399069808379,  [32, 1016, -35], [-111, -334, -78]
14:54:35, 28.4, 100306, 84.59643569152621,  [31, 1017, -34], [-110, -338, -81]
14:54:35, 28.4, 100311, 84.68037008844108,  [32, 1016, -33], [-110, -337, -77]
14:54:36, 28.4, 100315, 84.34463656570887,  [27, 1016, -33], [-113, -336, -78]
14:54:36, 28.4, 100313, 84.4285689301724,  [32, 1018, -36], [-113, -339, -78]
14:54:36, 28.4, 100311, 84.59643569152621,  [32, 1020, -33], [-111, -339, -75]
14:54:36, 28.4, 100308, 85.26792983782477,  [31, 1016, -37], [-109, -336, -77]
14:54:36, 28.4, 100306, 85.0161144513337,  [29, 1018, -37], [-110, -334, -79]
14:54:37, 28.4, 100311, 84.59643569152621,  [35, 1017, -36], [-109, -338, -80]
14:54:37, 28.4, 100305, 84.4285689301724,  [31, 1021, -31], [-112, -338, -78]
14:54:37, 28.4, 100316, 84.34463656570887,  [30, 1019, -38], [-110, -338, -79]
14:54:37, 28.5, 100315, 84.17677386915929,  [28, 1021, -41], [-111, -336, -74]
14:54:37, 28.5, 100312, 84.7643051628709,  [28, 1021, -39], [-110, -336, -79]
14:54:38, 28.5, 100315, 85.0161144513337,  [29, 1021, -34], [-113, -338, -79]
14:54:38, 28.5, 100308, 85.0161144513337,  [30, 1021, -36], [-109, -336, -77]
14:54:38, 28.5, 100315, 85.4358101501124,  [29, 1017, -36], [-114, -336, -80]
14:54:38, 28.5, 100315, 85.18399069808379,  [31, 1018, -37], [-113, -338, -77]
14:54:38, 28.5, 100302, 85.18399069808379,  [29, 1019, -36], [-114, -337, -78]
14:54:39, 28.5, 100311, 85.4358101501124,  [34, 1017, -35], [-114, -337, -78]
14:54:39, 28.5, 100312, 84.7643051628709,  [30, 1019, -34], [-107, -336, -76]
14:54:39, 28.5, 100308, 84.93217734429999,  [27, 1020, -39], [-114, -334, -81]
14:54:39, 28.6, 100319, 84.4285689301724,  [31, 1020, -34], [-109, -339, -77]
14:54:39, 28.6, 100314, 84.7643051628709,  [32, 1021, -34], [-111, -336, -79]
14:54:40, 28.6, 100308, 84.17677386915929,  [34, 1019, -32], [-115, -337, -78]
14:54:40, 28.6, 100306, 84.68037008844108,  [30, 1017, -39], [-109, -336, -78]
14:54:40, 28.6, 100308, 85.18399069808379,  [31, 1021, -39], [-115, -336, -79]
14:54:40, 28.6, 100311, 84.7643051628709,  [32, 1018, -37], [-110, -334, -82]
14:54:40, 28.6, 100311, 84.4285689301724,  [28, 1019, -34], [-112, -332, -80]
14:54:41, 28.6, 100309, 84.93217734429999,  [31, 1021, -33], [-108, -335, -81]
14:54:41, 28.6, 100312, 85.4358101501124,  [33, 1014, -37], [-112, -333, -80]
14:54:41, 28.6, 100309, 84.68037008844108,  [37, 1018, -34], [-112, -335, -78]
14:54:41, 28.6, 100303, 85.18399069808379,  [33, 1019, -37], [-113, -333, -79]
14:54:41, 28.6, 100315, 84.7643051628709,  [31, 1021, -31], [-114, -333, -79]
14:54:42, 28.7, 100308, 84.51250197210659,  [30, 1019, -35], [-110, -335, -79]
14:54:42, 28.7, 100317, 85.18399069808379,  [28, 1021, -40], [-112, -335, -80]
14:54:42, 28.7, 100303, 84.93217734429999,  [33, 1020, -34], [-116, -335, -78]
14:54:42, 28.7, 100312, 85.18399069808379,  [28, 1018, -35], [-112, -338, -78]
14:54:43, 28.7, 100311, 84.93217734429999,  [33, 1017, -35], [-108, -337, -78]
14:54:43, 28.7, 100312, 84.4285689301724,  [35, 1016, -31], [-109, -338, -80]
14:54:43, 28.7, 100320, 84.68037008844108,  [29, 1020, -32], [-108, -337, -80]
14:54:43, 28.7, 100312, 84.7643051628709,  [33, 1020, -35], [-113, -337, -79]
14:54:43, 28.7, 100311, 84.51250197210659,  [32, 1021, -36], [-112, -336, -78]
14:54:44, 28.7, 100296, 84.51250197210659,  [29, 1021, -34], [-110, -337, -77]
14:54:44, 28.7, 100308, 84.7643051628709,  [32, 1021, -33], [-111, -334, -78]
14:54:44, 28.7, 100305, 84.51250197210659,  [34, 1018, -35], [-110, -339, -78]
14:54:44, 28.8, 100317, 84.93217734429999,  [31, 1017, -34], [-111, -335, -79]
14:54:44, 28.8, 100306, 85.18399069808379,  [32, 1020, -39], [-110, -340, -77]
14:54:45, 28.8, 100308, 85.18399069808379,  [29, 1020, -33], [-110, -336, -80]
14:54:45, 28.8, 100312, 84.4285689301724,  [26, 1019, -35], [-112, -336, -78]
14:54:45, 28.8, 100312, 84.68037008844108,  [29, 1019, -37], [-112, -333, -75]
14:54:45, 28.8, 100308, 84.68037008844108,  [30, 1019, -36], [-109, -336, -81]
14:54:45, 28.8, 100311, 84.7643051628709,  [29, 1020, -35], [-112, -336, -76]
14:54:46, 28.8, 100314, 83.75712898271219,  [30, 1020, -30], [-113, -335, -77]
14:54:46, 28.8, 100306, 85.26792983782477,  [29, 1015, -34], [-110, -337, -81]
14:54:46, 28.8, 100314, 84.51250197210659,  [33, 1016, -34], [-108, -339, -81]
14:54:46, 28.8, 100317, 84.4285689301724,  [29, 1017, -34], [-111, -336, -80]
14:54:46, 28.8, 100309, 84.7643051628709,  [34, 1017, -40], [-111, -335, -79]
14:54:47, 28.8, 100317, 84.7643051628709,  [29, 1020, -37], [-109, -338, -78]
14:54:47, 28.9, 100305, 84.93217734429999,  [30, 1013, -43], [-111, -338, -76]
14:54:47, 28.9, 100312, 85.51975132267876,  [26, 1017, -33], [-113, -342, -78]
14:54:47, 28.9, 100315, 84.51250197210659,  [11, 1014, -30], [-111, -335, -76]
14:54:47, 28.9, 100318, 84.4285689301724,  [14, 1020, -22], [-110, -335, -78]
14:54:48, 28.9, 100311, 84.7643051628709,  [27, 1017, -9], [-111, -336, -80]
14:54:48, 28.9, 100308, 84.51250197210659,  [38, 1016, -25], [-114, -336, -77]
14:54:48, 28.9, 100307, 84.68037008844108,  [51, 1017, -43], [-112, -336, -78]
14:54:48, 28.9, 100309, 84.7643051628709,  [32, 1020, -44], [-116, -336, -84]
14:54:48, 29.0, 100312, 85.10005223592175,  [44, 1023, -58], [-119, -338, -91]
14:54:49, 28.9, 100314, 85.0161144513337,  [45, 1009, -45], [-120, -340, -89]
14:54:49, 29.0, 100311, 85.26792983782477,  [49, 1017, -36], [-119, -336, -89]
14:54:49, 29.0, 100307, 84.7643051628709,  [44, 1025, -28], [-116, -336, -89]
14:54:49, 29.0, 100311, 84.7643051628709,  [25, 1018, -35], [-119, -337, -91]
14:54:49, 29.0, 100314, 85.10005223592175,  [29, 1019, -46], [-118, -335, -90]
14:54:50, 29.0, 100307, 84.68037008844108,  [40, 1021, -39], [-117, -338, -89]
14:54:50, 29.0, 100304, 84.84824091482058,  [31, 1022, -35], [-121, -335, -90]
14:54:50, 29.0, 100308, 85.10005223592175,  [35, 1021, -33], [-118, -336, -89]
14:54:50, 29.1, 100312, 84.84824091482058,  [34, 1020, -39], [-120, -336, -88]
14:54:50, 29.1, 100311, 85.35186965516436,  [29, 1020, -38], [-119, -334, -88]
14:54:51, 29.1, 100314, 84.7643051628709,  [33, 1020, -33], [-120, -334, -91]
14:54:51, 29.1, 100310, 84.17677386915929,  [34, 1019, -38], [-118, -336, -89]
14:54:51, 29.1, 100317, 84.84824091482058,  [29, 1018, -32], [-115, -334, -91]
14:54:51, 29.1, 100314, 84.7643051628709,  [27, 1017, -35], [-118, -335, -89]
14:54:51, 29.1, 100314, 84.26070487871105,  [28, 1018, -38], [-119, -335, -89]
14:54:52, 29.2, 100313, 84.51250197210659,  [31, 1017, -39], [-120, -334, -91]
14:54:52, 29.2, 100317, 84.59643569152621,  [33, 1020, -37], [-117, -335, -89]
14:54:52, 29.2, 100318, 84.34463656570887,  [31, 1021, -37], [-118, -333, -88]
14:54:52, 29.2, 100317, 84.51250197210659,  [33, 1021, -35], [-116, -337, -90]
14:54:52, 29.2, 100313, 84.7643051628709,  [35, 1020, -27], [-120, -335, -91]
14:54:53, 29.2, 100318, 84.00891388235453,  [33, 1022, -34], [-119, -338, -89]
14:54:53, 29.2, 100311, 84.7643051628709,  [32, 1020, -35], [-119, -335, -87]
14:54:53, 29.2, 100310, 84.84824091482058,  [29, 1018, -32], [-118, -336, -90]
14:54:53, 29.2, 100308, 84.51250197210659,  [34, 1019, -37], [-117, -331, -89]
14:54:53, 29.2, 100305, 84.59643569152621,  [31, 1017, -34], [-117, -334, -90]
14:54:54, 29.3, 100313, 83.92498490507693,  [29, 1019, -34], [-120, -336, -89]
14:54:54, 29.3, 100316, 84.26070487871105,  [32, 1021, -35], [-117, -335, -86]
14:54:54, 29.3, 100314, 84.51250197210659,  [33, 1022, -32], [-118, -337, -90]
14:54:54, 29.3, 100313, 85.0161144513337,  [27, 1019, -36], [-118, -341, -88]
14:54:54, 29.3, 100304, 84.34463656570887,  [32, 1020, -32], [-119, -337, -88]
14:54:55, 29.3, 100313, 84.09284353704373,  [28, 1019, -38], [-116, -336, -92]
14:54:55, 29.3, 100313, 84.7643051628709,  [30, 1019, -36], [-117, -335, -90]
14:54:55, 29.3, 100316, 84.59643569152621,  [31, 1021, -32], [-117, -334, -87]
14:54:55, 29.3, 100316, 84.59643569152621,  [33, 1021, -31], [-114, -337, -87]
14:54:55, 29.4, 100307, 83.84105660520106,  [27, 1023, -30], [-116, -335, -88]
14:54:56, 29.4, 100313, 84.34463656570887,  [31, 1022, -30], [-118, -335, -90]
14:54:56, 29.4, 100320, 84.7643051628709,  [32, 1021, -29], [-118, -336, -89]
14:54:56, 29.4, 100316, 84.7643051628709,  [30, 1019, -33], [-118, -335, -90]
14:54:56, 29.4, 100308, 84.26070487871105,  [35, 1019, -34], [-117, -337, -90]
14:54:56, 29.4, 100319, 84.09284353704373,  [31, 1017, -33], [-116, -342, -85]
14:54:57, 29.4, 100320, 84.00891388235453,  [34, 1019, -33], [-116, -342, -91]
14:54:57, 29.5, 100311, 84.51250197210659,  [28, 1021, -30], [-120, -336, -91]
14:54:57, 29.5, 100314, 84.26070487871105,  [33, 1022, -31], [-117, -335, -89]
14:54:57, 29.5, 100320, 84.00891388235453,  [31, 1021, -35], [-117, -337, -90]
14:54:57, 29.5, 100322, 84.26070487871105,  [35, 1020, -33], [-117, -335, -90]
14:54:58, 29.5, 100316, 84.34463656570887,  [33, 1017, -34], [-119, -336, -91]
14:54:58, 29.5, 100313, 84.34463656570887,  [29, 1019, -30], [-116, -337, -92]
14:54:58, 29.5, 100313, 84.84824091482058,  [33, 1019, -30], [-118, -336, -90]
14:54:58, 29.5, 100311, 84.51250197210659,  [29, 1019, -32], [-117, -335, -91]
14:54:58, 29.5, 100320, 84.51250197210659,  [29, 1019, -32], [-118, -335, -91]
14:54:59, 29.5, 100317, 84.09284353704373,  [32, 1020, -29], [-117, -337, -91]
14:54:59, 29.6, 100319, 84.09284353704373,  [30, 1017, -36], [-116, -336, -89]
14:54:59, 29.6, 100314, 84.09284353704373,  [29, 1018, -36], [-118, -332, -89]
14:54:59, 29.6, 100320, 84.7643051628709,  [33, 1019, -37], [-117, -335, -90]
14:54:59, 29.6, 100316, 84.26070487871105,  [30, 1017, -35], [-122, -335, -87]
14:55:00, 29.6, 100311, 84.34463656570887,  [32, 1020, -34], [-121, -335, -89]
14:55:00, 29.6, 100311, 84.09284353704373,  [29, 1018, -32], [-114, -335, -90]
14:55:00, 29.6, 100319, 83.84105660520106,  [29, 1019, -33], [-119, -331, -90]
14:55:00, 29.6, 100316, 84.7643051628709,  [30, 1019, -31], [-120, -337, -88]
14:55:00, 29.6, 100322, 84.00891388235453,  [31, 1018, -30], [-119, -334, -93]
14:55:01, 29.6, 100319, 84.34463656570887,  [33, 1016, -31], [-118, -333, -91]
14:55:01, 29.7, 100320, 84.51250197210659,  [30, 1019, -32], [-118, -333, -89]
14:55:01, 29.7, 100320, 84.59643569152621,  [31, 1016, -30], [-118, -335, -88]
14:55:01, 29.7, 100313, 85.10005223592175,  [35, 1020, -30], [-117, -333, -89]
14:55:01, 29.7, 100317, 84.26070487871105,  [33, 1020, -33], [-117, -332, -87]
14:55:02, 29.7, 100314, 84.93217734429999,  [31, 1017, -32], [-116, -334, -86]
14:55:02, 29.7, 100311, 84.26070487871105,  [33, 1020, -31], [-119, -333, -91]
14:55:02, 29.7, 100316, 83.84105660520106,  [29, 1018, -32], [-122, -330, -91]
14:55:02, 29.7, 100311, 85.10005223592175,  [30, 1016, -33], [-119, -333, -91]
14:55:02, 29.7, 100319, 84.59643569152621,  [32, 1020, -27], [-115, -336, -89]
14:55:03, 29.7, 100311, 83.50535017944443,  [30, 1020, -27], [-117, -333, -89]
14:55:03, 29.7, 100310, 84.51250197210659,  [33, 1020, -34], [-117, -335, -91]
14:55:03, 29.7, 100313, 84.7643051628709,  [32, 1021, -29], [-119, -333, -90]
14:55:03, 29.7, 100317, 84.7643051628709,  [28, 1020, -28], [-119, -335, -90]
14:55:03, 29.7, 100316, 84.51250197210659,  [30, 1015, -36], [-115, -334, -87]
14:55:04, 29.7, 100316, 84.00891388235453,  [32, 1020, -30], [-118, -334, -92]
14:55:04, 29.7, 100310, 84.68037008844108,  [33, 1016, -30], [-117, -337, -93]
14:55:04, 29.7, 100320, 84.00891388235453,  [27, 1015, -34], [-116, -331, -91]
14:55:04, 29.7, 100319, 84.34463656570887,  [33, 1019, -33], [-117, -336, -88]
14:55:04, 29.7, 100320, 84.84824091482058,  [34, 1018, -34], [-116, -335, -89]
14:55:05, 29.7, 100317, 84.51250197210659,  [33, 1017, -33], [-115, -335, -89]
14:55:05, 29.7, 100313, 84.84824091482058,  [33, 1018, -34], [-115, -333, -90]
14:55:05, 29.8, 100319, 83.75712898271219,  [33, 1013, -33], [-117, -335, -90]
14:55:05, 29.8, 100322, 83.84105660520106,  [33, 1014, -36], [-118, -336, -88]
14:55:05, 29.8, 100317, 84.09284353704373,  [34, 1014, -36], [-118, -338, -87]
14:55:06, 29.8, 100323, 84.09284353704373,  [33, 1019, -34], [-113, -334, -89]
14:55:06, 29.8, 100317, 84.34463656570887,  [32, 1018, -35], [-118, -333, -91]
14:55:06, 29.8, 100317, 84.09284353704373,  [33, 1018, -33], [-115, -336, -91]
14:55:06, 29.8, 100314, 84.59643569152621,  [26, 1017, -31], [-117, -334, -89]
14:55:06, 29.8, 100332, 84.51250197210659,  [32, 1018, -34], [-116, -335, -89]
14:55:07, 29.8, 100317, 83.75712898271219,  [33, 1020, -32], [-118, -335, -89]
14:55:07, 29.8, 100320, 84.26070487871105,  [30, 1020, -35], [-117, -335, -86]
14:55:07, 29.8, 100317, 84.68037008844108,  [30, 1020, -35], [-116, -338, -88]
14:55:07, 29.8, 100314, 84.34463656570887,  [29, 1022, -32], [-117, -335, -91]
14:55:07, 29.8, 100316, 84.93217734429999,  [113, 1198, -77], [-115, -333, -86]
14:55:08, 29.8, 100235, 91.64928799759748,  [235, 1830, -596], [-175, -330, 13]
14:55:08, 29.7, 100128, 102.2375456246356,  [110, 1988, -488], [53, -306, 84]
14:55:08, 29.5, 100038, 111.40593794516637,  [94, 2027, -486], [263, -303, -238]
14:55:08, 29.3, 99918, 116.96137569971745,  [122, 2037, -641], [-243, -330, -322]
14:55:08, 29.1, 99794, 131.45315599061507,  [119, 2040, -919], [132, -298, 65]
14:55:09, 28.8, 99635, 140.90054419608583,  [526, 1971, -1136], [-136, -309, -466]
14:55:09, 28.5, 99523, 152.1304917293077,  [489, 1929, -1433], [191, -279, -305]
14:55:09, 27.5, 99389, 163.54174608600147,  [649, 1864, -1603], [-223, -294, 70]
14:55:09, 27.9, 99252, 175.64292088525386,  [631, 1827, -1454], [-9, -288, -528]
14:55:09, 27.6, 99232, 174.96555934119442,  [526, -398, -1394], [249, -262, 13]
14:55:10, 27.4, 99271, 173.27234889083596,  [492, -780, -1140], [-326, -292, -329]
14:55:10, 27.0, 99294, 169.63288163879702,  [313, -736, -871], [277, -248, 9]
14:55:10, 26.9, 99300, 170.90231828587,  [338, -609, -725], [-199, -281, -484]
14:55:10, 26.7, 99244, 172.2565552122347,  [249, -485, -532], [-50, -264, 174]
14:55:10, 26.5, 99225, 174.45756719708854,  [222, -387, -443], [350, -203, -366]
14:55:11, 26.5, 99247, 174.71156016071356,  [140, -300, -352], [-276, -235, -478]
14:55:11, 26.0, 99065, 195.899518661073,  [182, -238, -312], [-272, -215, 149]
14:55:11, 26.2, 99192, 177.33651821162874,  [140, -159, -230], [341, -147, 36]
14:55:11, 26.2, 99223, 176.4050054765224,  [124, -110, -158], [292, -111, -537]
14:55:11, 26.2, 99236, 175.05022711627336,  [54, -82, -144], [-274, -119, -581]
14:55:12, 24.4, 98782, 189.02988011935048,  [84, -68, -126], [-494, -75, -44]
14:55:12, 25.6, 98870, 198.36012533483776,  [36, -44, -128], [-87, 28, 313]
14:55:12, 26.0, 99191, 179.28449691809698,  [25, -4, -92], [370, 186, 71]
14:55:12, 26.0, 99187, 180.2162681984707,  [19, 5, -59], [354, 351, -357]
14:55:12, 26.2, 99246, 173.94959991904753,  [21, -7, -46], [46, 463, -511]
14:55:13, 26.3, 99275, 172.51049431067761,  [51, -30, -52], [-199, 502, -409]
14:55:13, 25.4, 99062, 212.62617319931755,  [73, -56, -53], [-264, 523, -268]
14:55:13, 24.7, 98837, 194.20288858167652,  [88, -41, -21], [-252, 533, -180]
14:55:13, 25.7, 99193, 180.47040216107155,  [205, -147, 178], [-89, 573, -148]
14:55:13, 25.6, 99196, 178.26811457618373,  [-11, -165, 93], [-2, 576, -212]
14:55:14, 25.3, 99142, 185.55438902674632,  [57, -206, 29], [-120, 571, -183]
14:55:14, 25.3, 99227, 169.54825804951832,  [-19, -284, -45], [-71, 575, -186]
14:55:14, 25.7, 99373, 163.54174608600147,  [14, -287, -209], [-9, 578, -190]
14:55:14, 25.4, 99324, 175.21956473887562,  [49, -406, -172], [-10, 575, -230]
14:55:14, 23.8, 98874, 200.56668289894006,  [203, -404, -146], [-73, 557, -338]
14:55:15, 24.7, 99220, 183.77471023507252,  [260, -483, -194], [-143, 568, -193]
14:55:15, 25.2, 99506, 150.94781988508083,  [476, -384, -126], [-124, 570, -115]
14:55:15, 25.2, 99539, 149.08960769084882,  [278, -354, 1], [35, 576, -189]
14:55:15, 24.9, 99354, 176.57436520874353,  [20, -2, 407], [11, 559, -347]
14:55:15, 23.9, 99317, 155.087760870194,  [320, -407, -202], [-192, 563, -168]
14:55:16, 24.8, 99646, 140.81615448246586,  [108, -644, -933], [87, 565, -224]
14:55:16, 23.4, 99481, 149.17406466739448,  [149, -799, -1070], [-166, 558, -62]
14:55:16, 24.6, 99700, 142.58848249286402,  [206, -1402, -1261], [51, 576, -235]
14:55:16, 24.1, 99774, 133.72986539885486,  [-203, -604, 236], [-192, 545, -322]
14:55:16, 24.4, 99822, 124.4575056667269,  [369, -683, -418], [76, 561, -121]
14:55:17, 22.9, 99431, 121.00356044231786,  [88, -1124, -830], [-84, 541, -407]
14:55:17, 24.2, 99901, 120.07708753395664,  [162, -1069, -1209], [85, 555, -97]
14:55:17, 23.8, 99930, 113.00492622455725,  [-178, -844, -1702], [-78, 540, 29]
14:55:17, 23.4, 99729, 132.7179329427816,  [-13, -1095, -1886], [-150, 574, -156]
14:55:17, 23.7, 100012, 122.51978524379517,  [-716, -1050, -2001], [188, 520, -313]
14:55:18, 23.8, 100353, 82.33046302886711,  [-530, -1029, -1455], [-104, -126, 272]
14:55:18, 23.7, 100322, 84.09284353704373,  [-178, -291, -400], [210, -347, -128]
