14:30:07, 10.6, 99811, 126.31131562186536,  [-10, 1018, 58], [-267, -459, 148]
14:30:07, 10.6, 99824, 126.14277377405806,  [-9, 764, 41], [-270, -462, 149]
14:30:07, 10.6, 99808, 126.64840752080441,  [-12, 955, 57], [-265, -459, 146]
14:30:08, 10.7, 99818, 125.8056982812807,  [-14, 1004, 55], [-267, -460, 145]
14:30:08, 10.7, 99820, 125.97423466056429,  [-11, 1017, 56], [-264, -463, 148]
14:30:08, 10.7, 99811, 126.90123362331258,  [-11, 1022, 59], [-265, -464, 149]
14:30:08, 10.7, 99821, 127.06978777674638,  [-9, 1021, 54], [-267, -461, 147]
14:30:08, 10.7, 99813, 126.05850387552691,  [-12, 1021, 55], [-268, -457, 149]
14:30:09, 10.7, 99811, 126.05850387552691,  [-11, 1024, 55], [-268, -460, 147]
14:30:09, 10.7, 99803, 126.81695757213797,  [-11, 1022, 59], [-268, -460, 150]
14:30:09, 10.7, 99803, 127.23834466503017,  [-11, 1021, 63], [-268, -461, 147]
14:30:09, 10.7, 99808, 126.2270443561676,  [-13, 1022, 59], [-265, -464, 149]
14:30:09, 10.7, 99817, 126.2270443561676,  [-10, 1024, 54], [-264, -461, 148]
14:30:10, 10.7, 99811, 125.97423466056429,  [-12, 1023, 54], [-267, -460, 145]
14:30:10, 10.8, 99820, 126.31131562186536,  [-13, 1021, 52], [-269, -462, 147]
14:30:10, 10.8, 99817, 126.31131562186536,  [-13, 1023, 57], [-269, -462, 147]
14:30:10, 10.8, 99810, 126.90123362331258,  [-14, 1020, 57], [-269, -460, 146]
14:30:11, 10.8, 99818, 126.90123362331258,  [-10, 1023, 55], [-267, -460, 148]
14:30:11, 10.8, 99807, 127.23834466503017,  [-10, 1018, 56], [-268, -462, 146]
14:30:11, 10.8, 99807, 126.90123362331258,  [-13, 1020, 48], [-270, -456, 146]
14:30:11, 10.8, 99806, 127.49118512553396,  [-12, 1022, 53], [-268, -464, 147]
14:30:11, 10.7, 99808, 126.90123362331258,  [-12, 1021, 53], [-269, -458, 149]
14:30:12, 10.7, 99810, 126.81695757213797,  [-11, 1021, 48], [-270, -460, 146]
14:30:12, 10.7, 99806, 126.05850387552691,  [-20, 1020, 54], [-270, -459, 145]
14:30:12, 10.7, 99818, 126.64840752080441,  [-8, 1020, 52], [-267, -460, 150]
14:30:12, 10.7, 99800, 126.31131562186536,  [-14, 1020, 53], [-266, -460, 146]
14:30:12, 10.7, 99807, 127.23834466503017,  [-10, 1018, 57], [-267, -461, 147]
14:30:13, 10.7, 99807, 127.15406587902525,  [-14, 1018, 50], [-270, -464, 147]
14:30:13, 10.7, 99807, 126.31131562186536,  [-10, 1019, 46], [-271, -460, 146]
14:30:13, 10.7, 99804, 126.64840752080441,  [-10, 1021, 49], [-269, -459, 147]
14:30:13, 10.7, 99811, 127.15406587902525,  [-9, 1021, 50], [-271, -459, 148]
14:30:13, 10.7, 99817, 126.81695757213797,  [-6, 1023, 54], [-269, -459, 147]
14:30:14, 10.7, 99817, 127.65974885139795,  [-11, 1021, 54], [-269, -462, 145]
14:30:14, 10.7, 99811, 126.64840752080441,  [-9, 1017, 52], [-267, -462, 144]
14:30:14, 10.7, 99806, 126.64840752080441,  [-4, 1019, 51], [-267, -455, 146]
14:30:14, 10.7, 99813, 126.31131562186536,  [-7, 1017, 48], [-267, -461, 145]
14:30:14, 10.7, 99821, 126.05850387552691,  [-8, 1019, 55], [-271, -457, 144]
14:30:15, 10.7, 99811, 126.81695757213797,  [-10, 1020, 54], [-269, -457, 147]
14:30:15, 10.7, 99807, 126.81695757213797,  [-16, 1019, 49], [-270, -457, 149]
14:30:15, 10.7, 99810, 127.06978777674638,  [-11, 1020, 49], [-268, -464, 146]
14:30:15, 10.7, 99813, 126.2270443561676,  [-11, 1022, 52], [-268, -461, 148]
14:30:15, 10.7, 99810, 126.64840752080441,  [-14, 1024, 53], [-268, -463, 147]
14:30:16, 10.7, 99808, 126.31131562186536,  [-14, 1024, 55], [-269, -459, 146]
14:30:16, 10.7, 99810, 127.15406587902525,  [-17, 1021, 55], [-269, -462, 148]
14:30:16, 10.7, 99818, 126.81695757213797,  [-17, 1021, 51], [-269, -460, 146]
14:30:16, 10.7, 99808, 127.23834466503017,  [-16, 1023, 51], [-269, -459, 149]
14:30:16, 10.7, 99810, 126.64840752080441,  [-15, 1022, 48], [-269, -461, 148]
14:30:17, 10.7, 99807, 127.06978777674638,  [-15, 1020, 50], [-267, -463, 149]
14:30:17, 10.7, 99806, 127.15406587902525,  [-15, 1020, 54], [-268, -459, 146]
14:30:17, 10.7, 99808, 127.06978777674638,  [-11, 1020, 53], [-268, -462, 147]
14:30:17, 10.7, 99810, 126.31131562186536,  [-13, 1019, 57], [-269, -460, 148]
14:30:17, 10.7, 99807, 126.90123362331258,  [-13, 1020, 53], [-269, -457, 148]
14:30:18, 10.7, 99807, 127.06978777674638,  [-12, 1017, 59], [-270, -459, 146]
14:30:18, 10.7, 99811, 126.64840752080441,  [-7, 1021, 50], [-268, -459, 146]
14:30:18, 10.7, 99818, 126.81695757213797,  [-12, 1023, 53], [-265, -461, 146]
14:30:18, 10.7, 99813, 126.81695757213797,  [-12, 1023, 54], [-266, -464, 146]
14:30:18, 10.7, 99808, 127.15406587902525,  [-11, 1027, 48], [-267, -460, 148]
14:30:19, 10.7, 99817, 126.31131562186536,  [-10, 1026, 50], [-268, -460, 148]
14:30:19, 10.7, 99811, 127.15406587902525,  [-10, 1021, 55], [-271, -460, 146]
14:30:19, 10.7, 99813, 126.64840752080441,  [-6, 1020, 55], [-266, -460, 147]
14:30:19, 10.7, 99824, 125.72143111693511,  [-7, 1019, 57], [-270, -459, 148]
14:30:19, 10.7, 99808, 126.64840752080441,  [-7, 1019, 58], [-267, -461, 147]
14:30:20, 10.7, 99807, 126.2270443561676,  [-11, 1022, 56], [-269, -463, 144]
14:30:20, 10.7, 99811, 126.81695757213797,  [-9, 1020, 57], [-267, -462, 144]
14:30:20, 10.7, 99807, 126.2270443561676,  [-12, 1017, 55], [-269, -458, 146]
14:30:20, 10.7, 99808, 126.90123362331258,  [-9, 1022, 53], [-269, -460, 146]
14:30:20, 10.7, 99807, 127.15406587902525,  [-10, 1022, 54], [-272, -458, 145]
14:30:21, 10.7, 99807, 127.15406587902525,  [-8, 1019, 54], [-268, -463, 145]
14:30:21, 10.7, 99813, 126.05850387552691,  [-5, 1021, 60], [-268, -461, 147]
14:30:21, 10.7, 99818, 127.06978777674638,  [-9, 1018, 52], [-266, -463, 147]
14:30:21, 10.7, 99810, 126.31131562186536,  [-11, 1020, 57], [-265, -462, 145]
14:30:21, 10.7, 99806, 126.81695757213797,  [-11, 1023, 56], [-269, -462, 147]
14:30:22, 10.7, 99810, 127.15406587902525,  [-5, 1022, 53], [-271, -460, 146]
14:30:22, 10.7, 99813, 127.23834466503017,  [-10, 1022, 57], [-270, -459, 146]
14:30:22, 10.7, 99810, 126.81695757213797,  [-5, 1022, 56], [-267, -458, 145]
14:30:22, 10.7, 99808, 126.81695757213797,  [-11, 1021, 56], [-268, -459, 147]
14:30:22, 10.7, 99807, 126.90123362331258,  [-13, 1020, 56], [-266, -461, 145]
14:30:23, 10.7, 99810, 127.15406587902525,  [-12, 1020, 48], [-268, -462, 144]
14:30:23, 10.7, 99817, 126.90123362331258,  [-12, 1017, 49], [-268, -460, 148]
14:30:23, 10.7, 99810, 127.15406587902525,  [-10, 1021, 52], [-268, -458, 148]
14:30:23, 10.7, 99823, 126.2270443561676,  [-9, 1020, 46], [-270, -458, 147]
14:30:23, 10.7, 99813, 127.06978777674638,  [-7, 1022, 56], [-269, -459, 148]
14:30:24, 10.7, 99823, 126.90123362331258,  [-7, 1022, 56], [-267, -458, 149]
14:30:24, 10.7, 99810, 126.31131562186536,  [-10, 1021, 57], [-268, -460, 147]
14:30:24, 10.7, 99820, 126.90123362331258,  [-5, 1021, 57], [-270, -463, 148]
14:30:24, 10.7, 99811, 126.2270443561676,  [-8, 1023, 60], [-267, -464, 148]
14:30:24, 10.7, 99813, 126.31131562186536,  [-8, 1024, 60], [-269, -459, 147]
14:30:25, 10.7, 99806, 125.97423466056429,  [-11, 1024, 60], [-271, -460, 149]
14:30:25, 10.7, 99813, 126.90123362331258,  [-5, 1022, 57], [-271, -458, 149]
14:30:25, 10.7, 99818, 126.64840752080441,  [-7, 1019, 56], [-270, -459, 148]
14:30:25, 10.7, 99821, 126.2270443561676,  [-9, 1022, 57], [-268, -459, 147]
14:30:25, 10.7, 99818, 126.81695757213797,  [-5, 1021, 50], [-265, -461, 145]
14:30:26, 10.7, 99810, 126.64840752080441,  [-1, 1021, 48], [-269, -459, 147]
14:30:26, 10.7, 99820, 125.97423466056429,  [-10, 1020, 55], [-267, -462, 146]
14:30:26, 10.7, 99808, 125.72143111693511,  [-5, 1022, 52], [-269, -462, 147]
14:30:26, 10.7, 99811, 125.8056982812807,  [-13, 1020, 54], [-270, -461, 146]
14:30:26, 10.7, 99813, 126.64840752080441,  [-8, 1022, 54], [-272, -458, 147]
14:30:27, 10.7, 99820, 125.8056982812807,  [-14, 1022, 56], [-269, -459, 147]
14:30:27, 10.7, 99813, 125.8056982812807,  [-5, 1023, 56], [-268, -460, 147]
14:30:27, 10.6, 99821, 125.97423466056429,  [-19, 1021, 51], [-266, -463, 145]
14:30:27, 10.7, 99824, 127.06978777674638,  [-8, 1023, 53], [-273, -459, 148]
14:30:27, 10.6, 99813, 126.64840752080441,  [-13, 1022, 58], [-271, -460, 145]
14:30:28, 10.6, 99807, 126.81695757213797,  [-4, 1020, 55], [-276, -460, 146]
14:30:28, 10.6, 99810, 126.31131562186536,  [-8, 1020, 58], [-274, -458, 143]
14:30:28, 10.6, 99807, 127.40690428827713,  [-5, 1024, 50], [-273, -458, 144]
14:30:28, 10.6, 99807, 126.81695757213797,  [-6, 1019, 54], [-272, -461, 145]
14:30:28, 10.6, 99810, 127.15406587902525,  [-6, 1019, 51], [-272, -461, 143]
14:30:29, 10.6, 99806, 126.64840752080441,  [-14, 1019, 57], [-269, -461, 147]
14:30:29, 10.6, 99810, 126.90123362331258,  [-7, 1020, 54], [-273, -459, 144]
14:30:29, 10.6, 99813, 126.81695757213797,  [-4, 1024, 53], [-272, -458, 145]
14:30:29, 10.6, 99804, 127.06978777674638,  [-12, 1020, 59], [-269, -458, 145]
14:30:29, 10.6, 99808, 126.81695757213797,  [-9, 1021, 62], [-271, -459, 144]
14:30:30, 10.6, 99806, 126.81695757213797,  [2, 1022, 52], [-267, -461, 147]
14:30:30, 10.6, 99813, 127.06978777674638,  [-7, 1019, 52], [-270, -461, 146]
14:30:30, 10.6, 99813, 127.06978777674638,  [-5, 1019, 52], [-268, -462, 144]
14:30:30, 10.6, 99819, 127.06978777674638,  [-8, 1023, 56], [-270, -460, 144]
14:30:30, 10.6, 99804, 126.14277377405806,  [-7, 1019, 46], [-271, -462, 145]
14:30:31, 10.6, 99810, 126.31131562186536,  [-19, 1021, 59], [-269, -459, 146]
14:30:31, 10.6, 99808, 127.06978777674638,  [-12, 1021, 53], [-270, -459, 145]
14:30:31, 10.6, 99813, 127.06978777674638,  [-11, 1018, 52], [-270, -462, 146]
14:30:31, 10.6, 99808, 127.15406587902525,  [-6, 1019, 52], [-267, -462, 147]
14:30:31, 10.6, 99813, 126.05850387552691,  [-11, 1022, 55], [-268, -463, 145]
14:30:32, 10.6, 99807, 126.90123362331258,  [-13, 1019, 53], [-270, -461, 144]
14:30:32, 10.6, 99810, 127.06978777674638,  [-9, 1023, 61], [-273, -458, 146]
14:30:32, 10.6, 99819, 126.64840752080441,  [-9, 1021, 59], [-270, -458, 147]
14:30:32, 10.6, 99811, 126.64840752080441,  [-3, 1020, 58], [-273, -458, 147]
14:30:32, 10.6, 99807, 127.40690428827713,  [-7, 1022, 61], [-269, -461, 144]
14:30:33, 10.6, 99813, 126.90123362331258,  [-8, 1023, 56], [-267, -462, 143]
14:30:33, 10.6, 99797, 126.14277377405806,  [-11, 1020, 55], [-269, -463, 146]
14:30:33, 10.6, 99823, 126.90123362331258,  [-8, 1019, 54], [-267, -462, 144]
14:30:33, 10.6, 99810, 126.14277377405806,  [-4, 1019, 55], [-267, -458, 145]
14:30:33, 10.6, 99819, 127.15406587902525,  [-8, 1021, 62], [-269, -461, 145]
14:30:34, 10.5, 99800, 127.74403174001989,  [-11, 1018, 56], [-270, -457, 147]
14:30:34, 10.6, 99821, 126.05850387552691,  [-7, 1021, 58], [-270, -461, 144]
14:30:34, 10.6, 99813, 125.97423466056429,  [-12, 1017, 51], [-270, -461, 144]
14:30:34, 10.6, 99811, 126.90123362331258,  [-9, 1020, 55], [-265, -460, 144]
14:30:34, 10.6, 99807, 127.06978777674638,  [-8, 1021, 56], [-268, -459, 145]
14:30:35, 10.6, 99817, 126.81695757213797,  [-8, 1023, 54], [-271, -460, 145]
14:30:35, 10.6, 99820, 126.81695757213797,  [-10, 1023, 53], [-269, -460, 145]
14:30:35, 10.6, 99819, 126.14277377405806,  [-11, 1023, 55], [-270, -461, 145]
14:30:35, 10.6, 99813, 125.97423466056429,  [-9, 1022, 53], [-269, -461, 146]
14:30:35, 10.6, 99817, 125.97423466056429,  [-9, 1022, 57], [-269, -460, 147]
14:30:36, 10.6, 99800, 126.81695757213797,  [-14, 1022, 55], [-265, -459, 145]
14:30:36, 10.6, 99811, 127.15406587902525,  [-7, 1022, 55], [-264, -460, 145]
14:30:36, 10.6, 99808, 126.31131562186536,  [-10, 1019, 60], [-266, -463, 144]
14:30:36, 10.6, 99821, 125.97423466056429,  [-9, 1021, 55], [-268, -460, 146]
14:30:36, 10.6, 99799, 126.64840752080441,  [-7, 1021, 55], [-270, -458, 148]
14:30:37, 10.6, 99808, 126.81695757213797,  [-7, 1022, 56], [-269, -458, 144]
14:30:37, 10.6, 99810, 126.05850387552691,  [-6, 1017, 56], [-272, -460, 145]
14:30:37, 10.6, 99804, 127.40690428827713,  [-10, 1018, 54], [-270, -459, 147]
14:30:37, 10.6, 99807, 127.40690428827713,  [-3, 1021, 56], [-266, -462, 144]
14:30:37, 10.6, 99813, 127.06978777674638,  [-7, 1022, 57], [-268, -465, 147]
14:30:38, 10.6, 99817, 127.15406587902525,  [-5, 1022, 55], [-269, -462, 147]
14:30:38, 10.6, 99807, 126.31131562186536,  [-12, 1020, 57], [-267, -458, 142]
14:30:38, 10.6, 99810, 127.15406587902525,  [-1, 1023, 56], [-270, -461, 145]
14:30:38, 10.6, 99810, 126.90123362331258,  [-4, 1021, 56], [-271, -456, 144]
14:30:38, 10.6, 99811, 126.81695757213797,  [-4, 1019, 57], [-269, -462, 145]
14:30:39, 10.6, 99807, 127.40690428827713,  [-5, 1020, 51], [-268, -461, 145]
14:30:39, 10.6, 99808, 127.15406587902525,  [-8, 1022, 51], [-267, -460, 145]
14:30:39, 10.6, 99808, 127.15406587902525,  [-11, 1021, 56], [-269, -462, 146]
14:30:39, 10.5, 99807, 126.90123362331258,  [-10, 1018, 51], [-271, -460, 146]
14:30:39, 10.5, 99819, 127.06978777674638,  [-13, 1019, 56], [-272, -461, 145]
14:30:40, 10.5, 99804, 127.06978777674638,  [-8, 1022, 56], [-269, -459, 146]
14:30:40, 10.5, 99811, 127.23834466503017,  [-10, 1024, 56], [-270, -460, 144]
14:30:40, 10.5, 99809, 127.49118512553396,  [-4, 1021, 55], [-267, -458, 145]
14:30:40, 10.5, 99817, 126.31131562186536,  [-10, 1023, 56], [-268, -461, 145]
14:30:40, 10.5, 99811, 126.98551035817876,  [-10, 1022, 51], [-267, -461, 147]
14:30:41, 10.5, 99813, 126.64840752080441,  [-9, 1021, 54], [-270, -460, 144]
14:30:41, 10.5, 99820, 126.14277377405806,  [-5, 1021, 54], [-269, -459, 144]
14:30:41, 10.5, 99809, 127.15406587902525,  [-11, 1021, 53], [-271, -458, 146]
14:30:41, 10.5, 99823, 126.81695757213797,  [-8, 1020, 50], [-269, -461, 145]
14:30:41, 10.5, 99817, 126.64840752080441,  [-10, 1018, 53], [-269, -459, 145]
14:30:42, 10.5, 99807, 127.23834466503017,  [-9, 1020, 54], [-270, -461, 145]
14:30:42, 10.5, 99804, 126.81695757213797,  [-14, 1020, 53], [-268, -458, 143]
14:30:42, 10.5, 99807, 126.81695757213797,  [-13, 1018, 50], [-267, -461, 148]
14:30:42, 10.5, 99810, 126.98551035817876,  [-10, 1020, 52], [-269, -460, 145]
14:30:42, 10.5, 99811, 126.81695757213797,  [-13, 1022, 53], [-270, -460, 143]
14:30:43, 10.5, 99817, 126.05850387552691,  [-9, 1020, 53], [-269, -460, 146]
14:30:43, 10.5, 99811, 126.90123362331258,  [-7, 1023, 49], [-268, -461, 145]
14:30:43, 10.5, 99811, 126.14277377405806,  [-9, 1020, 54], [-265, -463, 148]
14:30:43, 10.5, 99817, 126.98551035817876,  [-5, 1021, 53], [-269, -464, 148]
14:30:43, 10.5, 99809, 126.64840752080441,  [-8, 1021, 57], [-267, -462, 143]
14:30:44, 10.5, 99803, 127.15406587902525,  [-9, 1020, 53], [-269, -461, 146]
14:30:44, 10.5, 99809, 126.64840752080441,  [-10, 1021, 53], [-269, -462, 145]
14:30:44, 10.5, 99819, 126.81695757213797,  [-14, 1020, 54], [-270, -461, 146]
14:30:44, 10.5, 99801, 127.40690428827713,  [-10, 1019, 52], [-268, -459, 146]
14:30:44, 10.5, 99813, 126.81695757213797,  [-18, 1020, 52], [-269, -461, 147]
14:30:45, 10.5, 99807, 126.14277377405806,  [-10, 1021, 51], [-270, -461, 144]
14:30:45, 10.5, 99803, 126.98551035817876,  [-13, 1021, 53], [-268, -462, 145]
14:30:45, 10.5, 99809, 126.05850387552691,  [-13, 1020, 49], [-270, -460, 145]
14:30:45, 10.5, 99819, 125.97423466056429,  [-9, 1024, 54], [-267, -460, 146]
14:30:45, 10.5, 99807, 126.90123362331258,  [-6, 1022, 60], [-272, -458, 147]
14:30:46, 10.5, 99810, 127.65974885139795,  [-4, 1019, 57], [-273, -461, 145]
14:30:46, 10.5, 99803, 125.97423466056429,  [-12, 1022, 60], [-269, -461, 145]
14:30:46, 10.5, 99811, 126.14277377405806,  [-2, 1022, 59], [-272, -460, 144]
14:30:46, 10.5, 99813, 126.14277377405806,  [-8, 1021, 62], [-267, -462, 145]
14:30:46, 10.5, 99807, 125.97423466056429,  [-9, 1019, 55], [-271, -463, 146]
14:30:47, 10.5, 99809, 125.97423466056429,  [-10, 1023, 56], [-266, -462, 144]
14:30:47, 10.5, 99817, 127.15406587902525,  [-11, 1021, 52], [-270, -459, 143]
14:30:47, 10.5, 99821, 126.14277377405806,  [-13, 1021, 54], [-270, -461, 145]
14:30:47, 10.5, 99810, 126.31131562186536,  [-14, 1019, 52], [-269, -463, 147]
14:30:47, 10.5, 99811, 127.40690428827713,  [-12, 1019, 52], [-264, -461, 146]
14:30:48, 10.5, 99804, 127.23834466503017,  [-15, 1021, 58], [-268, -462, 145]
14:30:48, 10.5, 99804, 126.64840752080441,  [-12, 1018, 57], [-269, -462, 143]
14:30:48, 10.5, 99807, 127.49118512553396,  [-12, 1018, 56], [-267, -460, 144]
14:30:48, 10.5, 99809, 126.98551035817876,  [-6, 1020, 54], [-271, -458, 147]
14:30:48, 10.5, 99813, 126.64840752080441,  [-8, 1017, 59], [-269, -458, 142]
14:30:49, 10.5, 99820, 126.31131562186536,  [-5, 1021, 57], [-269, -460, 146]
14:30:49, 10.5, 99807, 126.64840752080441,  [-11, 1022, 56], [-269, -460, 143]
14:30:49, 10.5, 99817, 126.05850387552691,  [-9, 1021, 54], [-267, -460, 147]
14:30:49, 10.5, 99809, 126.14277377405806,  [-10, 1018, 53], [-268, -460, 144]
14:30:49, 10.5, 99809, 126.90123362331258,  [-11, 1019, 60], [-270, -460, 147]
14:30:50, 10.5, 99811, 127.23834466503017,  [-5, 1022, 49], [-272, -461, 147]
14:30:50, 10.5, 99813, 126.64840752080441,  [-13, 1022, 57], [-271, -462, 145]
14:30:50, 10.5, 99803, 126.90123362331258,  [-2, 1023, 52], [-272, -458, 145]
14:30:50, 10.5, 99817, 126.81695757213797,  [-12, 1022, 55], [-270, -463, 145]
14:30:50, 10.4, 99813, 127.40690428827713,  [-3, 1023, 52], [-268, -461, 147]
14:30:51, 10.4, 99806, 125.30010554770664,  [-11, 1023, 53], [-267, -464, 143]
14:30:51, 10.4, 99800, 126.90123362331258,  [-9, 1023, 56], [-271, -462, 144]
14:30:51, 10.4, 99800, 127.15406587902525,  [-9, 1023, 52], [-270, -461, 147]
14:30:51, 10.4, 99813, 125.72143111693511,  [-10, 1024, 57], [-273, -460, 144]
14:30:51, 10.4, 99804, 127.49118512553396,  [-11, 1021, 54], [-272, -457, 145]
14:30:52, 10.4, 99807, 126.90123362331258,  [-3, 1022, 52], [-272, -462, 145]
14:30:52, 10.4, 99806, 126.98551035817876,  [-7, 1021, 55], [-268, -462, 147]
14:30:52, 10.4, 99817, 126.31131562186536,  [-3, 1022, 54], [-271, -462, 147]
14:30:52, 10.4, 99811, 126.31131562186536,  [-7, 1022, 58], [-268, -463, 143]
14:30:52, 10.4, 99813, 127.40690428827713,  [-5, 1023, 49], [-270, -463, 144]
14:30:53, 10.4, 99809, 126.81695757213797,  [-13, 1020, 54], [-271, -461, 146]
14:30:53, 10.4, 99813, 126.90123362331258,  [-6, 1019, 57], [-272, -458, 145]
14:30:53, 10.4, 99811, 126.31131562186536,  [-8, 1022, 57], [-267, -461, 146]
14:30:53, 10.4, 99817, 126.98551035817876,  [-10, 1021, 53], [-268, -460, 144]
14:30:53, 10.4, 99807, 126.64840752080441,  [101, 1208, 341], [-265, -462, 144]
14:30:54, 10.4, 99774, 130.27283642767193,  [-89, 1800, 83], [405, -966, -64]
14:30:54, 10.1, 99652, 142.41967631681362,  [16, 1980, 203], [408, -310, 234]
14:30:54, 10.1, 99788, 127.74403174001989,  [1204, 2025, -95], [425, 326, -398]
14:30:54, 10.3, 99664, 139.12850419884168,  [276, 2037, -1018], [-34, 68, 439]
14:30:54, 10.1, 99735, 132.29632351382696,  [194, 2040, -848], [-99, -399, -519]
14:30:55, 10.1, 99659, 140.73176545458978,  [-767, 2040, -1213], [-181, -521, -228]
14:30:55, 9.8, 99605, 144.8676344795959,  [-321, 2040, -1415], [406, 129, -574]
14:30:55, 9.6, 99593, 146.8939673876634,  [-160, 2040, -1261], [341, 462, -73]
14:30:55, 9.6, 99534, 154.91875136821713,  [-690, 778, -1575], [527, 193, 107]
14:30:55, 9.9, 99655, 141.660082478957,  [-200, 530, -1754], [14, -377, 329]
14:30:56, 9.8, 99683, 140.81615448246586,  [-190, 337, -1718], [-97, -327, 347]
14:30:56, 9.9, 99763, 137.69421704839525,  [-97, 105, -1848], [-359, 272, 162]
14:30:56, 9.8, 99727, 136.42883403161358,  [-132, -70, -1822], [-201, 480, -155]
14:30:56, 9.7, 99700, 135.8383747117678,  [-35, -70, -1366], [65, 539, -96]
14:30:56, 9.7, 99690, 136.5131881032895,  [23, -84, -735], [-87, 522, -165]
14:30:57, 9.5, 99779, 131.45315599061507,  [-113, -171, -771], [279, 479, -261]
14:30:57, 9.5, 99761, 130.86297944447634,  [118, -436, 102], [301, 470, -238]
14:30:57, 9.5, 99762, 130.69436373278475,  [-95, -794, 334], [327, 459, -253]
14:30:57, 9.5, 99754, 130.94728832672078,  [-104, -877, 408], [325, 456, -251]
14:30:57, 9.6, 99766, 130.4414452970733,  [-118, -899, 432], [322, 459, -251]
14:30:58, 9.6, 99768, 131.28453069867777,  [-122, -903, 433], [325, 460, -250]
14:30:58, 9.6, 99766, 130.27283642767193,  [-119, -903, 434], [321, 461, -250]
14:30:58, 9.7, 99765, 130.61005690331794,  [-119, -906, 433], [325, 458, -251]
14:30:58, 9.7, 99759, 131.03159789325233,  [-120, -907, 430], [325, 458, -251]
14:30:58, 9.7, 99761, 130.69436373278475,  [-116, -909, 433], [324, 460, -247]
14:30:59, 9.7, 99763, 131.03159789325233,  [-120, -906, 433], [324, 457, -249]
14:30:59, 9.7, 99739, 131.62178401998622,  [-123, -908, 433], [324, 458, -248]
14:30:59, 9.7, 99761, 131.03159789325233,  [-119, -903, 429], [321, 458, -250]
14:30:59, 9.7, 99756, 131.45315599061507,  [-122, -906, 429], [320, 466, -250]
14:30:59, 9.7, 99758, 132.29632351382696,  [-124, -906, 429], [322, 462, -248]
14:31:00, 9.7, 99753, 130.61005690331794,  [744, -1473, 1101], [326, 466, -216]
14:31:00, 9.7, 99763, 131.03159789325233,  [66, -1057, 610], [321, 466, -220]
14:31:00, 9.7, 99765, 131.03159789325233,  [-74, -964, 429], [323, 465, -219]
14:31:00, 9.7, 99763, 131.03159789325233,  [-105, -936, 390], [323, 466, -221]
14:31:01, 9.7, 99755, 130.86297944447634,  [-110, -933, 381], [322, 466, -218]
14:31:01, 9.7, 99755, 132.04336607035518,  [-114, -928, 373], [318, 469, -219]
14:31:01, 9.7, 99770, 130.35714052027583,  [-115, -929, 375], [321, 465, -219]
14:31:01, 9.7, 99756, 130.35714052027583,  [-119, -929, 377], [322, 468, -219]
14:31:01, 9.7, 99758, 130.69436373278475,  [-113, -925, 374], [321, 464, -220]
14:31:01, 9.7, 99763, 131.28453069867777,  [-116, -930, 380], [320, 463, -218]
14:31:02, 9.7, 99770, 131.03159789325233,  [-118, -930, 376], [325, 465, -219]
14:31:02, 9.7, 99758, 131.28453069867777,  [-120, -932, 377], [325, 466, -220]
14:31:02, 9.7, 99761, 131.20021907922097,  [-116, -932, 374], [318, 467, -219]
14:31:02, 9.7, 99755, 131.20021907922097,  [-115, -933, 377], [319, 470, -220]
14:31:03, 9.7, 99766, 131.45315599061507,  [-117, -930, 378], [323, 468, -220]
14:31:03, 9.7, 99761, 130.94728832672078,  [-116, -931, 377], [320, 468, -222]
14:31:03, 9.7, 99759, 131.20021907922097,  [-117, -927, 380], [324, 464, -223]
14:31:03, 9.7, 99765, 130.4414452970733,  [-120, -930, 378], [321, 465, -218]
14:31:03, 9.7, 99756, 131.20021907922097,  [-115, -929, 384], [322, 466, -219]
14:31:04, 9.7, 99768, 130.4414452970733,  [-116, -929, 381], [321, 468, -219]
14:31:04, 9.7, 99765, 130.35714052027583,  [-117, -926, 382], [319, 468, -221]
14:31:04, 9.7, 99766, 130.61005690331794,  [-116, -927, 377], [321, 467, -220]
14:31:04, 9.7, 99765, 130.61005690331794,  [-116, -927, 381], [322, 465, -221]
14:31:04, 9.7, 99766, 130.35714052027583,  [-119, -929, 379], [324, 464, -220]
14:31:05, 9.7, 99763, 130.94728832672078,  [-115, -928, 380], [320, 466, -219]
14:31:05, 9.7, 99766, 130.4414452970733,  [-113, -929, 379], [322, 463, -222]
14:31:05, 9.7, 99768, 130.35714052027583,  [-111, -929, 381], [322, 466, -222]
14:31:05, 9.7, 99765, 131.03159789325233,  [-114, -931, 378], [319, 469, -222]
14:31:05, 9.7, 99763, 130.10423029501044,  [-117, -930, 380], [320, 467, -219]
14:31:06, 9.7, 99762, 130.27283642767193,  [-115, -926, 378], [320, 467, -221]
14:31:06, 9.7, 99762, 131.28453069867777,  [-116, -926, 376], [323, 465, -221]
14:31:06, 9.7, 99765, 130.69436373278475,  [-116, -928, 381], [323, 465, -220]
14:31:06, 9.7, 99759, 130.35714052027583,  [-117, -927, 377], [321, 465, -221]
14:31:06, 9.7, 99766, 130.10423029501044,  [-118, -928, 377], [320, 465, -222]
14:31:07, 9.7, 99762, 131.03159789325233,  [-118, -930, 378], [318, 467, -223]
14:31:07, 9.7, 99761, 130.61005690331794,  [-116, -928, 373], [320, 470, -219]
14:31:07, 9.7, 99766, 130.69436373278475,  [-117, -928, 375], [321, 467, -220]
14:31:07, 9.7, 99762, 130.86297944447634,  [-118, -929, 373], [325, 467, -219]
14:31:07, 9.7, 99768, 130.69436373278475,  [-117, -929, 377], [320, 461, -220]
14:31:08, 9.7, 99766, 130.86297944447634,  [-117, -934, 377], [321, 464, -221]
14:31:08, 9.7, 99761, 131.03159789325233,  [-111, -930, 378], [318, 466, -220]
14:31:08, 9.7, 99754, 130.94728832672078,  [-115, -930, 380], [319, 468, -222]
14:31:08, 9.7, 99758, 130.61005690331794,  [-112, -931, 378], [320, 463, -223]
14:31:08, 9.7, 99763, 130.94728832672078,  [-117, -930, 380], [320, 465, -221]
14:31:09, 9.7, 99749, 131.62178401998622,  [-116, -928, 378], [320, 465, -222]
14:31:09, 9.7, 99763, 131.20021907922097,  [-115, -933, 379], [318, 463, -220]
14:31:09, 9.7, 99766, 131.45315599061507,  [-117, -932, 381], [319, 465, -221]
14:31:09, 9.7, 99759, 130.01992825492823,  [-116, -931, 384], [320, 465, -223]
14:31:09, 9.7, 99763, 130.35714052027583,  [-115, -931, 379], [318, 468, -224]
14:31:10, 9.7, 99756, 131.28453069867777,  [-117, -927, 379], [319, 467, -221]
14:31:10, 9.7, 99765, 130.35714052027583,  [-115, -928, 375], [319, 470, -221]
14:31:10, 9.7, 99766, 131.20021907922097,  [-116, -932, 376], [322, 466, -222]
14:31:10, 9.7, 99763, 130.35714052027583,  [-117, -928, 375], [320, 465, -222]
14:31:10, 9.7, 99765, 130.94728832672078,  [-111, -929, 381], [320, 463, -221]
14:31:11, 9.7, 99765, 130.94728832672078,  [-111, -924, 379], [319, 464, -222]
14:31:11, 9.7, 99752, 130.94728832672078,  [-112, -928, 383], [320, 468, -217]
14:31:11, 9.7, 99773, 131.20021907922097,  [-110, -931, 381], [319, 470, -221]
14:31:11, 9.7, 99763, 130.94728832672078,  [-112, -932, 383], [319, 469, -222]
14:31:11, 9.7, 99758, 130.69436373278475,  [-114, -930, 379], [320, 470, -221]
14:31:12, 9.7, 99763, 130.94728832672078,  [-116, -928, 379], [324, 468, -220]
14:31:12, 9.7, 99744, 130.4414452970733,  [-115, -927, 380], [319, 461, -220]
14:31:12, 9.7, 99766, 131.45315599061507,  [-116, -928, 378], [320, 467, -219]
14:31:12, 9.8, 99761, 131.45315599061507,  [-116, -928, 379], [319, 467, -222]
14:31:12, 9.8, 99766, 130.86297944447634,  [-119, -929, 379], [322, 467, -221]
14:31:13, 9.8, 99737, 132.04336607035518,  [-116, -931, 380], [322, 464, -217]
14:31:13, 9.8, 99770, 132.38064403060076,  [-115, -930, 376], [323, 464, -222]
14:31:13, 9.8, 99765, 131.28453069867777,  [-116, -928, 375], [320, 465, -222]
14:31:13, 9.8, 99766, 129.76702623951826,  [-116, -930, 378], [319, 465, -221]
14:31:13, 9.8, 99766, 130.01992825492823,  [-114, -930, 382], [320, 467, -220]
14:31:14, 9.8, 99766, 131.28453069867777,  [-116, -933, 380], [321, 469, -219]
14:31:14, 9.8, 99766, 130.35714052027583,  [-118, -930, 382], [319, 466, -219]
14:31:14, 9.8, 99766, 130.4414452970733,  [-118, -929, 380], [317, 466, -222]
14:31:14, 9.8, 99762, 131.03159789325233,  [-116, -933, 373], [320, 466, -220]
14:31:14, 9.8, 99772, 130.01992825492823,  [-117, -931, 382], [323, 464, -221]
14:31:15, 9.8, 99773, 129.85132622719198,  [-111, -932, 379], [317, 465, -221]
14:31:15, 9.8, 99769, 130.35714052027583,  [-112, -932, 376], [320, 464, -220]
14:31:15, 9.8, 99765, 130.35714052027583,  [-115, -930, 382], [320, 465, -219]
14:31:15, 9.8, 99765, 130.69436373278475,  [-117, -932, 379], [318, 469, -224]
14:31:15, 9.8, 99775, 130.10423029501044,  [-120, -932, 375], [320, 468, -221]
14:31:16, 9.8, 99762, 130.4414452970733,  [-118, -929, 383], [321, 464, -222]
14:31:16, 9.8, 99770, 130.4414452970733,  [-115, -930, 381], [320, 464, -224]
14:31:16, 9.8, 99768, 129.76702623951826,  [-114, -931, 381], [323, 463, -218]
14:31:16, 9.8, 99775, 129.85132622719198,  [-115, -928, 377], [319, 465, -222]
14:31:16, 9.8, 99773, 130.10423029501044,  [-115, -928, 376], [318, 465, -224]
14:31:17, 9.8, 99763, 130.4414452970733,  [-118, -928, 379], [318, 467, -221]
14:31:17, 9.8, 99762, 130.69436373278475,  [-114, -925, 385], [319, 470, -223]
14:31:17, 9.8, 99766, 130.35714052027583,  [-116, -926, 381], [320, 467, -220]
14:31:17, 9.8, 99769, 130.61005690331794,  [-115, -932, 378], [320, 465, -222]
14:31:17, 9.8, 99775, 130.61005690331794,  [-111, -930, 382], [320, 462, -220]
14:31:18, 9.8, 99770, 130.61005690331794,  [-111, -927, 379], [322, 466, -221]
14:31:18, 9.8, 99770, 130.01992825492823,  [-115, -926, 380], [315, 466, -221]
14:31:18, 9.8, 99768, 130.86297944447634,  [-115, -927, 379], [319, 466, -220]
14:31:18, 9.8, 99737, 132.88658150609078,  [-115, -929, 380], [320, 468, -223]
14:31:18, 9.8, 99770, 130.27283642767193,  [-116, -928, 385], [317, 468, -220]
14:31:19, 9.8, 99765, 130.61005690331794,  [-119, -933, 385], [324, 464, -222]
14:31:19, 9.9, 99770, 130.69436373278475,  [-116, -929, 384], [321, 467, -221]
14:31:19, 9.9, 99770, 130.27283642767193,  [-114, -929, 381], [320, 464, -221]
14:31:19, 9.9, 99772, 130.10423029501044,  [-116, -926, 380], [319, 465, -223]
14:31:19, 9.9, 99753, 130.01992825492823,  [-112, -925, 381], [319, 468, -223]
14:31:20, 9.9, 99770, 130.69436373278475,  [-117, -924, 378], [319, 467, -222]
14:31:20, 9.9, 99770, 130.35714052027583,  [-115, -925, 375], [319, 469, -225]
14:31:20, 9.9, 99769, 130.52575075808406,  [-113, -929, 378], [319, 464, -225]
14:31:20, 9.9, 99762, 130.69436373278475,  [-117, -930, 380], [319, 468, -220]
14:31:20, 9.9, 99773, 130.52575075808406,  [-114, -928, 382], [321, 464, -221]
14:31:21, 9.9, 99773, 130.35714052027583,  [-114, -929, 380], [320, 464, -222]
14:31:21, 9.9, 99775, 130.27283642767193,  [-116, -927, 379], [319, 466, -224]
14:31:21, 9.9, 99770, 130.52575075808406,  [-116, -928, 379], [319, 468, -223]
14:31:21, 9.9, 99762, 130.61005690331794,  [-114, -927, 383], [322, 467, -221]
14:31:21, 9.9, 99762, 129.76702623951826,  [-111, -925, 384], [318, 465, -223]
14:31:22, 9.9, 99766, 130.4414452970733,  [-110, -929, 382], [324, 465, -224]
14:31:22, 9.9, 99765, 130.27283642767193,  [-113, -929, 384], [319, 467, -220]
14:31:22, 9.9, 99769, 130.61005690331794,  [-119, -927, 381], [319, 467, -221]
14:31:22, 9.9, 99770, 130.27283642767193,  [-120, -928, 381], [318, 468, -223]
14:31:22, 9.9, 99770, 130.01992825492823,  [-114, -929, 379], [317, 467, -221]
14:31:23, 9.9, 99773, 130.35714052027583,  [-113, -929, 380], [320, 467, -225]
14:31:23, 9.8, 99762, 130.10423029501044,  [-114, -925, 380], [320, 467, -224]
14:31:23, 9.8, 99766, 129.42983312979462,  [-110, -930, 381], [322, 465, -224]
14:31:23, 9.8, 99766, 130.35714052027583,  [-110, -931, 375], [321, 464, -222]
14:31:23, 9.8, 99770, 131.45315599061507,  [-112, -931, 376], [321, 466, -222]
14:31:24, 9.8, 99772, 129.68272693595446,  [-114, -931, 375], [318, 467, -222]
14:31:24, 9.8, 99777, 130.01992825492823,  [-115, -930, 380], [319, 466, -221]
14:31:24, 9.8, 99773, 130.01992825492823,  [-110, -927, 385], [319, 466, -224]
14:31:24, 9.8, 99776, 130.01992825492823,  [-115, -926, 380], [321, 467, -221]
14:31:24, 9.8, 99770, 130.01992825492823,  [-112, -927, 381], [322, 466, -220]
14:31:25, 9.8, 99776, 130.01992825492823,  [-116, -927, 383], [321, 466, -221]
14:31:25, 9.9, 99792, 128.83977152366978,  [-111, -930, 383], [322, 465, -221]
14:31:25, 9.9, 99784, 128.58689823804642,  [-116, -932, 381], [318, 466, -224]
14:31:25, 9.9, 99788, 129.09265096505695,  [-115, -928, 379], [316, 466, -224]
14:31:25, 9.8, 99783, 128.92406398680868,  [-111, -926, 380], [318, 468, -226]
14:31:26, 9.8, 99793, 128.67118864930342,  [-115, -932, 380], [319, 467, -223]
14:31:26, 9.8, 99789, 128.75547974450302,  [-110, -930, 379], [317, 465, -219]
14:31:26, 9.9, 99784, 128.33403110786688,  [-115, -931, 384], [323, 465, -222]
14:31:26, 9.8, 99790, 129.09265096505695,  [-115, -928, 380], [322, 465, -222]
14:31:26, 9.8, 99788, 128.08117013278178,  [-117, -927, 380], [320, 466, -222]
14:31:27, 9.8, 99782, 128.33403110786688,  [-119, -929, 382], [318, 467, -221]
14:31:27, 9.8, 99788, 128.58689823804642,  [-117, -926, 383], [316, 467, -223]
14:31:27, 9.9, 99793, 128.41831946734044,  [-116, -927, 383], [315, 465, -223]
14:31:27, 9.8, 99793, 128.75547974450302,  [-113, -932, 385], [319, 469, -221]
14:31:27, 9.9, 99790, 128.83977152366978,  [-114, -931, 380], [322, 463, -222]
14:31:28, 9.9, 99776, 128.83977152366978,  [-115, -930, 377], [319, 462, -221]
14:31:28, 9.9, 99795, 128.41831946734044,  [-114, -927, 378], [319, 465, -223]
14:31:28, 9.9, 99784, 129.09265096505695,  [-116, -927, 379], [317, 467, -223]
14:31:28, 9.9, 99789, 128.33403110786688,  [-117, -931, 381], [316, 468, -222]
14:31:28, 9.9, 99787, 128.83977152366978,  [-115, -925, 380], [320, 469, -223]
14:31:29, 9.9, 99789, 129.42983312979462,  [-114, -925, 383], [318, 465, -224]
14:31:29, 9.9, 99786, 128.41831946734044,  [-112, -927, 377], [321, 463, -220]
14:31:29, 9.9, 99792, 128.58689823804642,  [-113, -926, 375], [318, 462, -222]
14:31:29, 9.9, 99779, 128.16545644059494,  [-113, -928, 382], [320, 466, -220]
14:31:29, 10.0, 99792, 127.57546664657094,  [-117, -934, 378], [319, 467, -222]
14:31:30, 9.9, 99802, 126.98551035817876,  [-113, -927, 379], [318, 472, -221]
14:31:30, 9.9, 99799, 127.74403174001989,  [-115, -929, 379], [320, 467, -222]
14:31:30, 10.0, 99812, 127.23834466503017,  [-115, -929, 386], [318, 464, -223]
14:31:30, 9.9, 99789, 128.83977152366978,  [-115, -929, 381], [321, 464, -223]
14:31:30, 9.9, 99780, 129.68272693595446,  [-117, -928, 380], [321, 464, -221]
14:31:31, 9.9, 99775, 129.26124067935606,  [-119, -930, 380], [318, 468, -225]
14:31:31, 9.9, 99786, 128.83977152366978,  [-116, -932, 383], [318, 465, -221]
14:31:31, 9.9, 99787, 128.75547974450302,  [-111, -930, 380], [317, 468, -222]
14:31:31, 9.9, 99789, 128.33403110786688,  [-113, -927, 378], [316, 467, -225]
14:31:31, 10.0, 99790, 128.41831946734044,  [-107, -928, 383], [319, 468, -224]
14:31:32, 10.0, 99784, 128.92406398680868,  [-112, -929, 382], [322, 465, -222]
14:31:32, 10.0, 99789, 128.58689823804642,  [-115, -928, 383], [322, 464, -223]
14:31:32, 10.0, 99783, 129.17694548019583,  [-110, -928, 383], [320, 465, -226]
14:31:32, 10.0, 99789, 129.17694548019583,  [-114, -929, 380], [318, 468, -223]
14:31:32, 10.0, 99790, 128.33403110786688,  [-114, -927, 378], [318, 469, -221]
14:31:33, 10.0, 99788, 128.58689823804642,  [-115, -928, 381], [320, 467, -224]
14:31:33, 10.0, 99792, 128.75547974450302,  [-113, -925, 385], [320, 465, -221]
14:31:33, 10.0, 99793, 128.75547974450302,  [-113, -926, 383], [324, 465, -223]
14:31:33, 10.0, 99789, 128.75547974450302,  [-112, -930, 384], [320, 467, -225]
14:31:33, 10.0, 99789, 128.41831946734044,  [-116, -931, 383], [321, 465, -221]
14:31:34, 10.0, 99788, 129.09265096505695,  [-113, -924, 382], [318, 465, -222]
14:31:34, 10.0, 99787, 128.41831946734044,  [-112, -925, 382], [319, 469, -225]
14:31:34, 10.0, 99788, 128.41831946734044,  [-114, -927, 380], [319, 469, -223]
14:31:34, 10.0, 99787, 128.58689823804642,  [-115, -931, 379], [321, 463, -222]
14:31:34, 10.0, 99787, 128.75547974450302,  [-111, -927, 379], [321, 465, -224]
14:31:35, 9.9, 99792, 130.69436373278475,  [-112, -927, 383], [323, 463, -222]
14:31:35, 10.0, 99758, 128.41831946734044,  [-115, -928, 380], [319, 465, -224]
14:31:35, 10.0, 99787, 129.09265096505695,  [-111, -928, 385], [319, 466, -222]
14:31:35, 10.0, 99788, 128.83977152366978,  [-115, -931, 378], [317, 468, -224]
14:31:35, 10.0, 99784, 128.92406398680868,  [-110, -930, 380], [316, 470, -219]
14:31:36, 10.0, 99788, 128.16545644059494,  [-107, -927, 381], [323, 466, -225]
14:31:36, 10.0, 99789, 128.08117013278178,  [-112, -924, 383], [319, 465, -222]
14:31:36, 10.0, 99793, 129.26124067935606,  [-114, -922, 377], [320, 464, -223]
14:31:36, 10.0, 99789, 128.75547974450302,  [-108, -927, 384], [318, 467, -220]
14:31:36, 10.0, 99787, 128.83977152366978,  [-109, -927, 384], [318, 463, -223]
14:31:37, 10.0, 99792, 128.67118864930342,  [-110, -930, 380], [317, 466, -223]
14:31:37, 10.0, 99790, 128.41831946734044,  [-114, -929, 379], [317, 467, -222]
14:31:37, 10.0, 99787, 128.92406398680868,  [-119, -926, 381], [320, 468, -220]
14:31:37, 10.0, 99786, 128.92406398680868,  [-117, -928, 377], [318, 467, -222]
14:31:37, 10.0, 99788, 128.67118864930342,  [-117, -929, 382], [321, 466, -223]
14:31:38, 10.0, 99788, 128.16545644059494,  [-110, -928, 384], [317, 463, -225]
14:31:38, 10.0, 99796, 128.33403110786688,  [-118, -929, 384], [318, 465, -227]
14:31:38, 10.0, 99795, 128.33403110786688,  [-113, -929, 383], [317, 466, -223]
14:31:38, 10.0, 99796, 128.33403110786688,  [-115, -927, 383], [319, 468, -222]
14:31:38, 10.0, 99802, 127.57546664657094,  [-118, -924, 381], [318, 468, -222]
14:31:39, 10.0, 99807, 127.74403174001989,  [-114, -930, 377], [320, 466, -222]
14:31:39, 9.9, 99797, 127.57546664657094,  [-111, -929, 385], [319, 465, -222]
14:31:39, 9.9, 99795, 127.82831531246136,  [-113, -929, 380], [320, 462, -223]
14:31:39, 9.9, 99790, 128.75547974450302,  [-110, -927, 381], [318, 467, -223]
14:31:39, 9.9, 99783, 128.67118864930342,  [-112, -927, 376], [319, 468, -222]
14:31:40, 9.9, 99786, 129.42983312979462,  [-111, -928, 378], [320, 469, -223]
14:31:40, 9.9, 99782, 128.67118864930342,  [-112, -930, 375], [318, 471, -222]
14:31:40, 9.9, 99780, 129.42983312979462,  [-114, -930, 381], [320, 465, -222]
14:31:40, 9.9, 99776, 129.5141303811025,  [-112, -930, 378], [320, 463, -224]
14:31:40, 9.9, 99751, 129.42983312979462,  [-112, -931, 382], [324, 461, -224]
14:31:41, 9.9, 99784, 129.85132622719198,  [-110, -930, 384], [320, 464, -223]
14:31:41, 9.9, 99773, 129.68272693595446,  [-114, -929, 390], [317, 467, -221]
14:31:41, 9.9, 99784, 128.92406398680868,  [-115, -926, 383], [320, 467, -219]
14:31:41, 9.9, 99787, 128.83977152366978,  [-110, -928, 387], [320, 468, -223]
14:31:41, 9.8, 99783, 128.92406398680868,  [-113, -927, 383], [321, 466, -222]
14:31:42, 9.9, 99780, 129.42983312979462,  [-115, -926, 376], [319, 464, -223]
14:31:42, 9.9, 99784, 129.68272693595446,  [-112, -926, 381], [318, 465, -224]
14:31:42, 9.8, 99780, 129.5141303811025,  [-115, -930, 380], [320, 466, -221]
14:31:42, 9.8, 99776, 129.42983312979462,  [-114, -928, 376], [320, 470, -225]
14:31:42, 9.8, 99775, 129.5141303811025,  [-113, -927, 380], [317, 467, -224]
14:31:43, 9.8, 99779, 129.68272693595446,  [-112, -926, 378], [320, 466, -223]
14:31:43, 9.8, 99784, 129.17694548019583,  [-112, -931, 376], [318, 468, -221]
14:31:43, 9.8, 99780, 128.83977152366978,  [-115, -929, 383], [322, 462, -225]
14:31:43, 9.8, 99784, 128.92406398680868,  [-113, -931, 382], [319, 466, -221]
14:31:43, 9.8, 99783, 129.09265096505695,  [-114, -929, 380], [317, 464, -221]
14:31:44, 9.8, 99777, 129.5141303811025,  [-110, -926, 382], [318, 466, -224]
14:31:44, 9.8, 99775, 130.27283642767193,  [-114, -929, 378], [318, 468, -222]
14:31:44, 9.8, 99780, 129.68272693595446,  [-114, -928, 376], [319, 468, -222]
14:31:44, 9.8, 99780, 129.42983312979462,  [-114, -926, 380], [322, 468, -225]
14:31:44, 9.8, 99784, 128.83977152366978,  [-116, -926, 381], [323, 465, -220]
14:31:45, 9.9, 99779, 129.26124067935606,  [-113, -932, 383], [321, 464, -222]
14:31:45, 9.9, 99773, 129.85132622719198,  [-110, -929, 379], [321, 463, -225]
14:31:45, 9.9, 99780, 129.85132622719198,  [-114, -932, 381], [318, 466, -222]
14:31:45, 9.9, 99779, 129.26124067935606,  [-112, -928, 383], [317, 470, -224]
14:31:45, 9.9, 99780, 128.92406398680868,  [-115, -929, 381], [320, 467, -223]
14:31:46, 9.9, 99779, 129.09265096505695,  [-115, -927, 383], [319, 466, -220]
14:31:46, 9.9, 99780, 131.45315599061507,  [-113, -926, 384], [321, 464, -217]
14:31:46, 9.9, 99772, 129.76702623951826,  [-118, -929, 381], [322, 462, -220]
14:31:46, 9.9, 99780, 128.83977152366978,  [-119, -929, 379], [322, 464, -224]
14:31:46, 9.9, 99777, 129.76702623951826,  [-114, -930, 381], [318, 465, -223]
14:31:47, 9.9, 99776, 129.42983312979462,  [-113, -930, 378], [316, 466, -224]
14:31:47, 9.9, 99775, 130.01992825492823,  [-114, -929, 381], [319, 467, -224]
14:31:47, 10.0, 99777, 129.42983312979462,  [-115, -927, 378], [322, 467, -223]
14:31:47, 10.0, 99773, 129.85132622719198,  [-116, -926, 376], [320, 466, -223]
14:31:47, 10.0, 99765, 129.85132622719198,  [-109, -928, 381], [322, 461, -223]
14:31:48, 10.0, 99776, 129.76702623951826,  [-111, -933, 382], [318, 461, -220]
14:31:48, 10.0, 99774, 129.9356268989904,  [-112, -928, 379], [318, 467, -221]
14:31:48, 10.0, 99776, 129.68272693595446,  [-114, -929, 384], [319, 469, -223]
14:31:48, 10.0, 99776, 130.01992825492823,  [-114, -929, 378], [317, 469, -222]
14:31:48, 10.0, 99769, 129.5141303811025,  [-117, -930, 378], [322, 468, -221]
14:31:49, 10.0, 99776, 130.27283642767193,  [-116, -927, 378], [321, 466, -223]
14:31:49, 10.0, 99767, 130.27283642767193,  [-117, -930, 381], [321, 463, -219]
14:31:49, 10.0, 99777, 129.5141303811025,  [-116, -930, 386], [319, 463, -221]
14:31:49, 10.0, 99777, 130.27283642767193,  [-111, -926, 381], [317, 463, -221]
14:31:49, 10.0, 99779, 129.09265096505695,  [-114, -928, 376], [317, 466, -219]
14:31:50, 10.0, 99780, 129.42983312979462,  [-113, -932, 378], [318, 469, -223]
14:31:50, 10.1, 99779, 129.42983312979462,  [-114, -927, 376], [320, 466, -223]
14:31:50, 10.1, 99779, 128.83977152366978,  [-113, -928, 383], [319, 466, -221]
14:31:50, 10.1, 99773, 129.5141303811025,  [-115, -929, 382], [319, 464, -224]
14:31:50, 10.1, 99781, 129.09265096505695,  [-109, -925, 378], [321, 462, -221]
14:31:51, 10.1, 99784, 129.42983312979462,  [-110, -930, 379], [320, 462, -221]
14:31:51, 10.1, 99788, 128.58689823804642,  [-113, -930, 378], [316, 466, -224]
14:31:51, 10.1, 99773, 128.92406398680868,  [-112, -929, 376], [316, 472, -223]
14:31:51, 10.1, 99792, 128.67118864930342,